1000
  0.79973872   0.28044396
 -0.95091526  -0.08319260
 -0.76870094  -0.10413529
 -0.34752237  -0.36609119
 -0.37320462  -0.54290931
  0.12945846   0.86789296
 -0.15098295   0.93344143
 -0.69484500   0.01882219
  0.23338227   0.44414004
  0.14066951   0.33311924
 -0.42858120   0.08485165
 -0.61032964  -0.27963999
  0.22483266  -0.12405475
 -0.47900435   0.14941073
  0.55315853  -0.21750647
 -0.72433201  -0.10960612
  0.07213396  -0.71817288
  0.29452939  -0.44156657
 -0.24991079   0.84568233
 -0.75772348   0.18907484
 -0.40848812   0.54049900
  0.13141331   0.40267902
  0.20572950  -0.28933910
  0.48995111  -0.51826627
 -0.41469567  -0.29873465
  0.62388158   0.23439454
 -0.76253081  -0.02054255
 -0.01380184  -0.48468212
  0.17429322   0.34741413
 -0.65290833   0.27142221
  0.12311243  -0.01108272
  0.25199047  -0.24282401
 -0.05583730  -0.54712865
  0.05712303  -0.10635447
  0.26267776   0.19924332
  0.05447327   0.08644190
  0.02245916   0.35793100
  0.02046152  -0.41970861
 -0.18122929  -0.68305275
 -0.37640137  -0.39941209
  0.34128923   0.62099409
  0.03707852   0.10269061
 -0.21314790  -0.33550254
 -0.33159162   0.61934468
  0.26566275   0.71052749
  0.10722885  -0.11262463
 -0.75214601  -0.17397499
  0.03735821  -0.13958621
 -0.16503959   0.82792651
 -0.10333128   0.82964894
 -0.25550398  -0.05437488
 -0.08175821   0.69428422
  0.45006930  -0.29218590
 -0.70362874   0.24115219
  0.26390717  -0.34148987
 -0.39135201   0.50597509
 -0.00271461   0.01069159
 -0.19631523   0.03560631
 -0.20293332   0.93426349
  0.61415015  -0.10971472
 -0.08754850   0.22092616
 -0.46290111   0.35664825
 -0.18231321  -0.56013531
  0.43661978  -0.00065680
  0.07477303  -0.22670493
  0.46732287  -0.41611218
 -0.07846724   0.34761829
  0.52097545   0.01220089
  0.60097415  -0.24679684
 -0.27151090   0.14567911
  0.07872961  -0.28852841
 -0.69272095  -0.39251447
 -0.77914807  -0.07211784
 -0.78684696  -0.06115580
 -0.51412151  -0.48199004
 -0.33765038  -0.41518001
 -0.02333917   0.82312518
  0.22868283   0.12772436
  0.15302744   0.82331679
  0.14913561   0.79553199
  0.14949071   0.31402442
 -0.14836705  -0.26114189
 -0.05615811  -0.36085559
  0.23247749  -0.11769290
  0.22287471  -0.01354867
 -0.31802677   0.73442516
 -0.30352168   0.67371017
  0.10806827   0.71678987
  0.42275000   0.23520964
 -0.75449343  -0.19419626
 -0.75721533   0.59467743
  0.41611550   0.57349653
 -0.68769235  -0.18441053
  0.00579115  -0.41304723
 -0.24598798  -0.46502558
 -0.00883831  -0.31607356
  0.35227575   0.20997801
 -0.53543441   0.78524772
  0.34817997  -0.61116713
  0.37601496  -0.18023209
  0.07393546   0.27474819
 -0.00183714  -0.35090856
  0.27432551   0.68763106
  0.04699565   0.33475224
 -0.19302942   0.34469269
  0.31592383  -0.44351357
 -0.30947098   0.61700119
  0.25221433  -0.61964934
  0.05996128   0.82686093
 -0.48882827  -0.30653533
 -0.23146053   0.03387044
 -0.87059655   0.04617144
 -0.27762614  -0.05169427
 -0.12465461   0.04542064
  0.06724276   0.21951691
  0.57870353   0.30576220
  0.33977455  -0.21806796
  0.17564822   0.00536508
 -0.59328119   0.35191879
 -0.29839250   0.58899492
 -0.32957324  -0.07176209
  0.04035733  -0.41931157
  0.08317422  -0.33361636
 -0.65473417   0.21967901
 -0.23693358   0.89522841
 -0.50799908  -0.37726249
 -0.54633353  -0.47380965
 -0.40068152   0.22013380
 -0.25830759  -0.68022288
 -0.25203514  -0.23255143
 -0.56373721  -0.58006589
  0.66744925   0.31198721
  0.00941744   0.18237394
  0.26412770  -0.17559060
  0.09317618  -0.16666969
  0.15626939   0.22922923
  0.23785630   0.44637617
 -0.05640434   0.08247380
  0.05924015   0.62053744
 -0.42696712  -0.00835974
  0.03956694  -0.40557627
  0.36466102  -0.17293353
 -0.28098471  -0.01735976
 -0.76890377  -0.25577196
  0.25253999  -0.04195255
  0.39642518   0.79679331
 -0.84198011  -0.25300184
 -0.36005439  -0.04884889
 -0.88530917  -0.15649357
 -0.57728359  -0.52558287
  0.62156753   0.03021562
 -0.60719269  -0.49128741
  0.50024510  -0.33013413
 -0.59986594   0.09918940
 -0.04975797   0.26574908
 -0.57561796   0.35700997
  0.48792221   0.29484693
  0.37588783   0.40852457
 -0.18830555  -0.25281200
  0.27074157  -0.36260584
 -0.53601088   0.75103640
  0.54450019  -0.09820789
  0.45974231  -0.28013496
 -0.09070581   0.46678092
 -0.56663297  -0.17385729
 -0.22828008  -0.68485837
 -0.07123115  -0.19883866
  0.42808485   0.62667056
  0.25722576   0.87310707
  0.07719922  -0.13319440
  0.42276084   0.51460452
 -0.13722300   0.60411320
 -0.76440682   0.29693738
  0.14157767   0.09731973
 -0.09856959  -0.51998310
  0.29661183  -0.56266462
  0.08145997   0.22076014
 -0.01570416  -0.41297900
 -0.57261684  -0.48829574
  0.74561763  -0.11118687
  0.30699393   0.40479928
 -0.60635667  -0.48460933
  0.49253272  -0.21955197
  0.38659445   0.56643166
 -0.42091031  -0.56399635
 -0.62347873   0.20484495
 -0.31879223  -0.43830489
 -0.21726599  -0.18092841
  0.22990119  -0.08921107
  0.22979040   0.24889347
 -0.13664755   0.36642587
 -0.46084221   0.35913634
 -0.22553931   0.81848298
 -0.37084744   0.39755886
  0.16290090   0.67723903
  0.37143160   0.79025661
 -0.87918517   0.33284347
  0.60738568  -0.27152743
  0.45386252   0.34822127
  0.22096276   0.31987949
  0.61649395  -0.06181223
 -0.39586560  -0.46183298
 -0.06730298  -0.60649236
 -0.04238933   0.05883804
  0.36800725   0.43119538
  0.44139365  -0.44833201
  0.38157301   0.27402243
  0.37253116   0.63387385
  0.62666649   0.18752388
  0.20232203   0.18561005
  0.14619367   0.47362922
 -0.78772915  -0.31836235
 -0.65677303  -0.37988528
 -0.61059387  -0.44957116
  0.01652947  -0.21519699
 -0.75336483   0.09345165
  0.22167846   0.26019409
 -0.22459589  -0.04420153
 -0.16304963   0.57472564
  0.36007130  -0.25761566
 -0.83215408  -0.19387777
  0.03123015  -0.13616698
  0.40745749  -0.07176303
 -0.06287821   0.41910864
 -0.15355432  -0.30400061
 -0.08347645  -0.69994434
  0.02667730  -0.69237696
 -0.29581154   0.14729858
 -0.29831808  -0.65575091
  0.29346346  -0.46137011
 -0.48380493   0.64470283
  0.19806696   0.01637766
  0.36249573   0.81336787
  0.29251914   0.14873282
 -0.77114068  -0.09451875
  0.66084496  -0.18166167
 -0.21737889   0.26996370
 -0.65838210  -0.35465283
  0.54124154   0.37710731
 -0.22348196  -0.38194580
  0.56240710  -0.19618804
  0.04477220  -0.29630903
  0.52157701   0.44205955
 -0.59234219  -0.08719900
 -0.23561581  -0.69971433
 -0.82184222  -0.30618435
 -0.87927633  -0.06690159
 -0.24013081  -0.60958235
  0.73192954   0.04862466
 -0.04387081  -0.68327236
 -0.15638455   0.09243724
  0.62640057   0.11364229
 -0.43903697   0.31207191
 -0.67289317   0.26589325
  0.33180954   0.75466252
 -0.28797106   0.82579245
  0.00246410  -0.09840705
 -0.44856109   0.68945875
  0.29735155  -0.36874796
 -0.57877910  -0.53321219
 -0.22148749  -0.68687581
  0.66041476  -0.09771884
  0.08508837  -0.44099011
  0.41544851   0.02431123
 -0.29946750  -0.41650050
 -0.42931577  -0.48713714
  0.05223196  -0.38562527
 -0.13725962   0.76014422
 -0.39551470  -0.31559833
 -0.05821412  -0.10650298
 -0.61608400   0.09165940
  0.26421922  -0.25137398
 -0.18258616   0.21205512
  0.03990846  -0.58104989
 -0.26082147  -0.59562467
  0.07424711  -0.00371274
 -0.57153216   0.25185168
 -0.34257107  -0.01487564
  0.61214369  -0.12289177
  0.45882639   0.34348271
  0.23021514  -0.61981143
 -0.10205737   0.59374852
 -0.56147723   0.55993861
 -0.70469442   0.19505442
 -0.01440547   0.42523139
  0.52439310   0.59585240
 -0.00155074   0.53765934
  0.02483273  -0.31806317
  0.23448121  -0.26359294
 -0.48515123   0.01337609
 -0.09833898  -0.19939506
 -0.56632708   0.19530217
  0.56870808   0.53694557
 -0.16105639  -0.23498057
  0.59299588  -0.18172071
  0.44780953   0.05370533
 -0.35049369   0.10824276
 -0.17055606   0.62468837
 -0.12240009  -0.65775663
 -0.59502592  -0.12394680
 -0.59974345   0.08086067
 -0.51667988   0.68268452
 -0.03205578   0.61849380
 -0.19611823   0.26558707
  0.44339077   0.21803944
 -0.43490905   0.49168807
  0.56149128  -0.11642974
  0.36449543  -0.39610446
 -0.12340525   0.52840550
  0.13544034  -0.67945930
  0.16363661  -0.10097054
 -0.71526169   0.01570369
 -0.07351605   0.68803311
  0.00390569  -0.62019650
 -0.20235333   0.36908319
 -0.22169838   0.40655770
 -0.27549318   0.04382179
 -0.00087197   0.64822243
 -0.57116315  -0.05322620
 -0.68596428   0.40236214
  0.24229572   0.24206294
  0.66090409   0.44350790
  0.30655121   0.71552536
 -0.04154382  -0.46119020
 -0.27780877   0.88216924
  0.59199630   0.14123293
 -0.35672730  -0.05998417
 -0.61994567  -0.40212226
 -0.39413059   0.24404530
  0.19673235   0.60449794
  0.20589201   0.49166360
 -0.24161250  -0.72836746
  0.25916432   0.83392829
 -0.15768041   0.71480630
 -0.58358100  -0.47765956
  0.48350319   0.15549211
  0.41024812   0.54857799
  0.14901719   0.27191365
  0.68125832  -0.16251570
 -0.40661800   0.72788727
 -0.07868149  -0.50490463
 -0.22636677   0.39835309
 -0.30580601  -0.67208722
  0.28176481  -0.10266591
 -0.04578778   0.89004022
  0.31044318  -0.14615850
  0.31285962   0.51395703
 -0.28815321   0.38717264
 -0.34309793   0.10680762
  0.13331753   0.84160381
  0.36673695   0.00373101
  0.69440912   0.04702438
  0.08527616   0.51084355
 -0.38280499   0.12944570
 -0.19900528   0.39024786
 -0.02534909   0.91160443
 -0.06460549   0.17293528
  0.10885686   0.10794319
  0.61432951   0.41193794
  0.24892111   0.32871642
 -0.52603685   0.73204179
 -0.23500505  -0.09470222
 -0.68189687   0.39741268
 -0.49023913  -0.19078961
  0.25108359   0.82244531
  0.12961997   0.14039285
  0.10725589   0.67359930
 -0.63768910   0.17948917
  0.21850373   0.43870880
 -0.57061309  -0.02702835
 -0.01212718   0.11479496
 -0.86406382   0.35420184
  0.30698620   0.28976246
  0.31864571  -0.18003914
 -0.07285319  -0.00364394
  0.33929452  -0.22765233
  0.08061328   0.59872484
 -0.60085508  -0.16983790
  0.31697663   0.34278249
  0.07655897   0.34504224
  0.52211301   0.65224428
  0.67763524  -0.17643714
  0.33349837   0.04777118
  0.25169303  -0.64290282
  0.07634832   0.80769989
  0.62021087   0.18740680
  0.05233725  -0.73606904
 -0.01583803   0.07673804
  0.48239931  -0.19712244
 -0.44093765   0.04074097
 -0.51199778  -0.49482647
 -0.80321549  -0.23866241
  0.62227077   0.12533051
 -0.24522627   0.21501589
 -0.18339831  -0.71722738
 -0.57090524  -0.29233750
 -0.21474495  -0.25860421
 -0.47755207  -0.41285889
  0.21371825   0.69570338
 -0.78131849   0.51456100
  0.28986296  -0.49385027
 -0.48058671  -0.00054365
 -0.36544607   0.56558114
  0.33517014  -0.28766377
 -0.21251248   0.56558228
 -0.31417427  -0.10913165
  0.23472479   0.61016090
 -0.22793160  -0.43804488
 -0.13022140   0.13738240
 -0.03131994  -0.45371459
 -0.48898116  -0.46062020
 -0.33859501   0.33463219
 -0.54888635  -0.33356469
  0.15878470  -0.53096390
 -0.06357753  -0.33561598
 -0.64362844  -0.41167331
 -0.05986064  -0.48293114
 -0.40386643   0.64374830
 -0.80313040   0.28706752
 -0.03221141   0.16690504
  0.27257980   0.43541958
  0.12863075  -0.55032792
 -0.11007618   0.12936352
  0.02865663  -0.24427333
  0.59995660  -0.23074347
 -0.05389106   0.77263811
 -0.05483335   0.21571718
 -0.30983579   0.40799755
  0.47717482  -0.35669808
  0.32148828  -0.14993151
 -0.28807818   0.80583760
 -0.50647589   0.36667544
 -0.09235067   0.71639698
  0.50215321  -0.38785553
 -0.43374061   0.44149590
  0.01114625   0.60415049
  0.50020261   0.37451719
  0.53402355  -0.20651138
  0.55770177   0.42270914
 -0.13551800   0.38011560
 -0.64349020   0.71998420
 -0.02283679  -0.01577187
 -0.36942357   0.31136090
  0.27177075  -0.13094681
 -0.50112584   0.47620095
  0.04874385   0.07808578
  0.05358525  -0.62706181
  0.38236761   0.71363260
 -0.39352576   0.59011954
 -0.09440370   0.68684254
  0.52788216   0.04130202
  0.49427245   0.18048518
 -0.57170934   0.24339348
  0.23091017  -0.28547146
 -0.69177934   0.09625801
  0.32930501   0.65171758
  0.12729108  -0.04513629
  0.56633868  -0.37747162
  0.01695069   0.48199472
 -0.25727500  -0.24058439
  0.40416690   0.31549866
 -0.25109905  -0.10334912
  0.46061801  -0.24150810
 -0.57690741  -0.53920223
 -0.03015034  -0.42380904
  0.09335183  -0.27701249
  0.61537682  -0.35864159
 -0.58708211  -0.07997481
  0.57264578   0.10382521
  0.02039369   0.38471592
 -0.40903509  -0.13815912
  0.03590419   0.26456752
 -0.34967076   0.24557726
  0.66876984   0.50348303
 -0.31607741  -0.29623452
  0.03265230  -0.58242454
  0.30486164   0.28486881
 -0.02944891   0.27122289
  0.10299312   0.33828265
  0.28845177  -0.19346064
 -0.42298203  -0.17612936
  0.11653019  -0.29652476
  0.48634648  -0.36928075
 -0.62977086  -0.28236203
 -0.22006628   0.06190569
 -0.11469029   0.66711828
 -0.21928838   0.21296892
  0.42840626   0.75784691
  0.36352227   0.11976380
 -0.56574977   0.11614996
 -0.57210283  -0.17301484
 -0.55785625   0.74774519
 -0.34713647   0.42557960
 -0.20774832  -0.35674985
 -0.60591836  -0.44577115
  0.26580960   0.60870043
 -0.14975910  -0.31525328
 -0.52401049  -0.11500172
 -0.18148075   0.65225851
 -0.13504770  -0.33320253
  0.46025794  -0.41071942
  0.21704262   0.02711631
 -0.07742429   0.55889348
 -0.11884484  -0.09696147
  0.68644881  -0.05109183
  0.40772631   0.61544634
 -0.79685622   0.27190154
 -0.06864253  -0.62511203
  0.33061898   0.46280894
  0.65957779   0.15893854
 -0.14813721   0.67197473
 -0.41204545   0.42952314
  0.25642875   0.77747749
  0.13247611   0.72593960
  0.10154754  -0.32461306
  0.18656613  -0.33321964
  0.45538572   0.52193507
  0.56403819   0.33497225
 -0.51425288  -0.18038072
  0.32120166   0.66392434
  0.43175107   0.51494806
 -0.65937871  -0.18563302
 -0.72440814  -0.27009363
 -0.22412410   0.33779253
 -0.11072486   0.17068444
  0.07756857   0.86716017
  0.59888509  -0.13576639
 -0.00738663  -0.03243839
 -0.38166854   0.19005758
  0.18535609   0.33174643
  0.64574735  -0.03544917
  0.19157034   0.61823330
  0.03042472   0.19020711
 -0.77420378   0.46713141
 -0.10342604   0.69711742
  0.71667627   0.16354691
 -0.00324120   0.02361012
  0.62643394  -0.29353984
 -0.07162006  -0.20647605
  0.33386259   0.49302105
  0.65800340   0.28569754
  0.47395853  -0.00586013
  0.63509356   0.54581730
 -0.29790769  -0.55650848
  0.51870826   0.41209891
 -0.05366162   0.43453186
  0.07626712   0.56642035
 -0.11265782   0.56754819
  0.04853153   0.28660072
 -0.59834131  -0.19306075
 -0.31909492   0.62542553
 -0.54324027   0.02292041
  0.62419480   0.38246658
  0.18476855   0.23471804
 -0.21475321  -0.72813066
 -0.41207478  -0.20254365
  0.04393776   0.10159839
 -0.66701252  -0.11060768
 -0.22365011   0.56854545
  0.03999636   0.69190637
 -0.10149897  -0.52431482
  0.59452630   0.60295636
 -0.85453172  -0.18659698
  0.74048162  -0.09864009
 -0.47464012   0.77505388
 -0.50571997  -0.08761942
 -0.38383746   0.78671584
 -0.80757871  -0.16271646
 -0.13082027  -0.41961150
  0.17211463  -0.24225154
 -0.21367634   0.84155504
  0.06735252   0.44595321
  0.42197339  -0.16728598
  0.12771040   0.61933135
  0.20141506   0.29732307
 -0.57410631  -0.49398540
  0.32486755   0.54059093
 -0.60478056   0.11619447
  0.47506732  -0.47777322
 -0.02717320  -0.24129130
  0.20706390  -0.39121768
  0.53684851  -0.24359492
 -0.86977759   0.22685554
 -0.10876960  -0.38906341
 -0.65721839   0.48813570
 -0.84794174   0.02528522
 -0.58773251   0.35888386
  0.04214334   0.10803894
 -0.05897316  -0.03698831
  0.67167106   0.07038686
 -0.59762966  -0.01168999
  0.07520952  -0.00680997
 -0.07604197  -0.31854183
  0.49032683   0.48685803
 -0.67452040  -0.41317320
 -0.73524053  -0.18488320
 -0.23446424   0.51049496
  0.22602985  -0.25094987
  0.68779329   0.33871236
 -0.05255856   0.63616545
 -0.51931086  -0.51890184
 -0.05912061   0.61912841
  0.54696607   0.23880717
 -0.28625257  -0.50148670
  0.32829127   0.07325272
 -0.50437527  -0.32645590
 -0.49614015   0.68692774
  0.69099957  -0.11368576
  0.44573051  -0.51000715
  0.27387921   0.64306559
 -0.50426629   0.18601681
 -0.38578144  -0.19670057
  0.71808213  -0.16713023
 -0.21314811  -0.48675003
  0.06810577  -0.16961051
 -0.23804383  -0.06131507
  0.43562612   0.36831302
 -0.45954415   0.75005342
  0.67088128   0.31607439
 -0.31570153   0.84722359
 -0.32758468  -0.22013462
  0.20675060  -0.27440995
  0.48201921   0.38307262
 -0.60640162  -0.56142284
  0.38155442   0.32990201
  0.40072711  -0.38408208
 -0.09231942  -0.21625862
 -0.43352254  -0.63143322
  0.34723983   0.56275985
  0.26059654   0.79853169
  0.60004118   0.17438629
  0.53777421   0.67985547
  0.40008954  -0.22344696
  0.03730464   0.21455854
  0.39298910   0.39117743
  0.28268969  -0.10491393
 -0.80655898   0.39257467
 -0.57241806  -0.36789625
 -0.53088596   0.32935737
 -0.13698289  -0.15678154
  0.45233653  -0.51158619
 -0.54406393   0.45987824
 -0.51927484  -0.40197697
 -0.28707311   0.51432244
 -0.21117522  -0.34718790
 -0.05922722   0.04115165
  0.22431564   0.21498649
 -0.78963928   0.10998258
 -0.62367834   0.16611000
  0.70149353   0.19592705
  0.07980991   0.88951438
 -0.15256170   0.68579266
 -0.81018539  -0.00043979
 -0.57300251   0.19648994
  0.61472926  -0.11075562
 -0.33772420   0.02195433
 -0.09305015  -0.53260837
  0.62273349   0.32540567
 -0.00659309   0.46298955
 -0.14134469   0.67571721
 -0.06275375  -0.29244807
  0.11362446   0.87607591
 -0.01950387   0.60972520
  0.65017908   0.42762658
 -0.72474680  -0.43825924
  0.16663469  -0.39745016
 -0.07186502  -0.35994911
 -0.23843980  -0.48569164
 -0.53506715   0.60691986
 -0.36205571  -0.29798829
 -0.45523583   0.39291311
 -0.17103935   0.79000177
 -0.67422277   0.49066968
  0.39600262  -0.17090865
  0.52587804   0.49800084
  0.73792321   0.14600371
  0.02937811   0.35547362
  0.60366057   0.29558672
  0.46825332   0.25520947
 -0.23107374  -0.48823517
 -0.31033648   0.69364974
 -0.37878774   0.29348394
 -0.81986202   0.25607323
 -0.38173659   0.59492742
  0.51593763   0.59966716
  0.00838021   0.76856935
 -0.62300727  -0.19513418
  0.20566048   0.83536658
 -0.56777259   0.36040200
  0.67642165   0.29839707
  0.66481900  -0.26702420
  0.30342443  -0.23369787
 -0.57464795   0.18267077
  0.30827595   0.80411755
  0.03874497   0.14551901
 -0.09764093   0.81385144
 -0.13940021   0.29162883
  0.36052667   0.74380653
 -0.40606743  -0.63652473
 -0.70082534   0.14613269
 -0.02456568   0.68458571
  0.68557880  -0.04312777
 -0.60742726   0.05318547
  0.03965150  -0.41955509
  0.15992718   0.56491616
 -0.65934428  -0.48687356
 -0.14771185   0.86740480
  0.16371200   0.59139610
  0.45581002  -0.26997621
 -0.21476108  -0.42160253
 -0.60588852  -0.39117768
 -0.36370031  -0.40271674
  0.65207267   0.51698606
 -0.40071765  -0.22352040
  0.65197744   0.46446643
 -0.53080907   0.78450098
 -0.10647984   0.84765979
  0.21834035   0.16503730
  0.56115532   0.15035979
  0.12517974   0.47146344
  0.26875440   0.60050422
 -0.10303320  -0.03468611
  0.38215166  -0.17376433
  0.36031251   0.46323640
 -0.33829297   0.11685596
 -0.47342360   0.82583101
  0.34113225   0.36502608
 -0.24218440   0.42213739
  0.64875117   0.06537710
 -0.52627810   0.76882474
 -0.17951196   0.86216510
 -0.44372037   0.84649673
  0.47740934  -0.36550312
  0.10335589   0.35218992
  0.26577131  -0.64103999
 -0.58899735   0.15598835
  0.12859133  -0.12523142
  0.08972884   0.16817705
  0.30869214   0.48010069
 -0.60284721  -0.47650568
  0.06180106  -0.65309806
 -0.79254855  -0.35636143
  0.12844942   0.01485555
 -0.63137804  -0.07901619
  0.44117152   0.01832854
  0.02669080   0.15254846
  0.03291856   0.43096347
  0.56346045   0.38427607
 -0.49593331   0.53313575
 -0.16458761   0.06641942
 -0.06967299  -0.63244848
 -0.82914884  -0.28926409
  0.02221463   0.05932856
  0.18126637  -0.17813231
  0.14964876  -0.13229253
 -0.79923645   0.13204152
 -0.25367355  -0.04041954
 -0.33864127   0.44263776
  0.05256716   0.90248144
  0.13142495   0.74834850
 -0.53238444   0.23670254
 -0.48500110  -0.06170685
 -0.25703445   0.59814189
  0.22731433   0.16781024
 -0.85571316  -0.17539024
  0.21497593  -0.05449110
 -0.19374707  -0.27061213
  0.47475450   0.68221635
  0.45094264   0.13668832
 -0.32368901  -0.03463983
 -0.21292618  -0.11688451
 -0.13463826   0.58105052
 -0.32155574  -0.04253780
  0.54485586   0.67817607
 -0.55697374   0.35270823
  0.47977962   0.48512027
 -0.22861876   0.44041623
  0.23289068   0.67543469
  0.16828544  -0.04687711
 -0.36960087   0.55888114
 -0.45959233  -0.12590668
 -0.10120075   0.46098597
  0.45453550   0.68411050
 -0.08025033   0.06871593
 -0.32714745  -0.01425711
 -0.14522915   0.17030903
 -0.69664770  -0.04727776
 -0.59607107  -0.05993693
 -0.05264066  -0.17341915
  0.16411441   0.87000378
  0.69049901   0.28782491
  0.11415539  -0.50398607
  0.46521693  -0.05636453
  0.72237649  -0.08385582
 -0.37455685   0.78430634
  0.12819026   0.09261671
 -0.40981035  -0.56765147
 -0.12235136  -0.27445814
  0.23339018  -0.20206503
 -0.52832099  -0.36091981
 -0.37798502   0.09665270
  0.09940637   0.69282689
  0.06461623  -0.42092784
  0.13795415  -0.64054806
 -0.16534294   0.82630407
 -0.21017700   0.05527503
  0.34458773   0.46618686
  0.28887515   0.86520106
 -0.04153536  -0.36704143
 -0.36412651  -0.09644473
  0.55830960  -0.28355804
 -0.80566126  -0.20096407
  0.59494821   0.00870886
  0.45037686  -0.43282413
 -0.22524988  -0.52777871
 -0.35086995   0.34401291
 -0.03423256  -0.27602583
 -0.32673799   0.22020741
 -0.12225350   0.76379160
 -0.25955763   0.51962771
 -0.04581017  -0.55903689
 -0.09034562   0.80745289
 -0.36524033   0.85458734
 -0.02135743   0.17355594
  0.29827173  -0.42877256
 -0.20948617  -0.56919379
  0.58365938  -0.14686620
  0.30081951   0.82947760
  0.57244898   0.02745211
 -0.30915073   0.38578251
 -0.63073374  -0.38032437
  0.25573052   0.77289645
 -0.47351981   0.17138512
 -0.72761594  -0.36541027
 -0.10364825   0.23386168
 -0.31076954  -0.51227234
 -0.36042670   0.53874645
 -0.44535632  -0.61903378
  0.36630127  -0.21826164
 -0.08105304  -0.15036302
 -0.23835411   0.54688614
 -0.53983002  -0.11199152
 -0.04370541   0.56791671
  0.60553463   0.26845985
  0.12908620   0.50971498
  0.62283579   0.19456637
 -0.05502837   0.49265449
 -0.19442639   0.10288366
  0.11120067  -0.02673258
  0.15058443   0.60807061
 -0.63447135   0.21458456
 -0.33353843   0.32860513
 -0.73866774  -0.24648676
  0.54562759   0.21902638
 -0.59446089  -0.34540276
 -0.48753810   0.83473610
 -0.19780845  -0.55378186
  0.37575411   0.59414344
  0.14779743   0.33059373
  0.40096567   0.41434001
 -0.73815909   0.28785795
 -0.18067811   0.85608211
  0.59568183  -0.29943610
  0.57709844  -0.44330734
  0.10385042   0.16783427
 -0.54131033   0.04289715
 -0.21223671   0.33045837
  0.10872589  -0.09703608
  0.32426121  -0.05426966
  0.12797469   0.50151915
  0.03740410   0.47607873
  0.65253195   0.36872094
 -0.13326404   0.19591379
 -0.28758086  -0.28472396
  0.53686011   0.55902863
 -0.56841434   0.59246723
  0.08247486  -0.11523456
 -0.28488992  -0.64648346
 -0.31963949   0.66445537
  0.00136865  -0.48333702
 -0.81115848   0.30852848
 -0.16470831   0.06122196
 -0.79089118  -0.06352502
  0.35394784  -0.30474358
  0.46559922  -0.37910738
 -0.63547466  -0.18155810
  0.53125611   0.46968031
 -0.57236127   0.22711648
 -0.80164643   0.19349611
  0.17612289  -0.59815169
 -0.69219505  -0.43455575
 -0.12809473   0.23258261
  0.33654314   0.13322197
 -0.37168987  -0.17760871
  0.11747193   0.07602093
  0.52243755  -0.00432114
 -0.54927955   0.24281775
 -0.10579692  -0.54600409
  0.07552529   0.19949895
  0.64745987   0.39762669
 -0.10859364   0.07542300
 -0.39016963  -0.18793662
 -0.55140888   0.06551210
  0.17868732  -0.50727991
 -0.17652493   0.36535081
 -0.43221733  -0.24030255
  0.42691052   0.04337572
  0.49423874  -0.29726798
  0.37614519   0.58851172
  0.19635966   0.50560254
  0.50574450   0.14452869
 -0.29084065   0.65965848
 -0.20489946   0.16657379
  0.59958022  -0.15067992
 -0.16032641   0.34690545
  0.30970669  -0.12782744
  0.58788148  -0.14847313
 -0.42752615  -0.54640278
 -0.50101609   0.32634339
 -0.37740568   0.15731477
 -0.38194868  -0.04281313
  0.51645376   0.27879750
 -0.02166750   0.72601443
 -0.55429714  -0.24877960
 -0.44342575   0.38317018
 -0.25403609  -0.30505874
 -0.65618219   0.21660714
 -0.27598171  -0.26772975
  0.28953633   0.57530224
 -0.21815192   0.81609713
 -0.54191594   0.15325471
 -0.13186168  -0.16767544
 -0.33551806  -0.51865806
 -0.58562490   0.07726627
  0.32913645   0.44550348
 -0.12111740   0.35614264
  0.66876883   0.09329349
  0.07477287   0.27333606
 -0.31613849   0.76224315
 -0.08486239  -0.66122352
 -0.42482215  -0.25696227
  0.13508623   0.90467616
  0.21526594   0.19272536
  0.20568000   0.18383079
  0.11000990   0.56059368
 -0.43589108  -0.32303261
  0.61903991  -0.01357173
 -0.24681215   0.66976933
  0.46922844   0.37828157
  0.38111404  -0.20356287
  0.21453742  -0.07455874
 -0.38603453   0.69037347
  0.35652287  -0.47978881
 -0.51400950   0.01438501
  0.05296642   0.52933140
 -0.26049647   0.92277760
 -0.61593355   0.30955903
 -0.27692688   0.42078481
  0.44127073  -0.02630233
 -0.31148689   0.44962585
 -0.12255875   0.59637055
 -0.03580234  -0.29093777
 -0.37004355  -0.57493082
  0.20448736   0.27093071
 -0.24717509  -0.25887124
 -0.00305861  -0.68986442
  0.38043152   0.01012133
 -0.26038316  -0.08897814
 -0.07410455  -0.63167431
 -0.13809504   0.31504018
 -0.72491599   0.59963176
  0.34022246   0.68762336
  0.37971595   0.26908875
  0.43490475  -0.05778433
 -0.11893695  -0.72673708
 -0.32699234  -0.45443525
 -0.33439796   0.04846194
 -0.19105193   0.42621370
  0.50927625   0.40085597
  0.61770264  -0.15865838
 -0.45290590   0.17925272
 -0.60287422   0.46427982
 -0.21755021  -0.17062688
  0.61943659   0.28547559
 -0.56454233  -0.09313687
 -0.45187311  -0.20657805
 -0.67143849   0.27007708
 -0.83479622  -0.03059866
 -0.31178249  -0.12423261
  0.17913376  -0.08292691
  0.39399335  -0.07630943
 -0.20407049  -0.15205106
 -0.31203966  -0.08219746
 -0.30126521   0.29112852
 -0.21019727  -0.22227747
 -0.48038304  -0.46819247
 -0.43769849  -0.22047050
 -0.50984069   0.72734324
  0.02113179   0.34916455
  0.47612432  -0.48716528
