2000
 -0.22642025  -0.86451504
  0.06964099   0.87644260
  0.25763543  -0.19671908
  0.05905478  -0.37354058
 -0.86904930   0.04809953
 -0.09943856   0.26325260
 -0.03392818  -0.57200570
  0.63905533   0.14313702
  0.54501839  -0.01126517
 -0.67321912   0.05924662
 -0.00624363   0.22392885
  0.33038463  -0.29972123
 -0.30702519  -0.08361613
 -0.34310931   0.54625559
  0.45524399  -0.11450864
  0.73325329  -0.16015946
  0.54746697  -0.14025405
  0.23646798  -0.35009687
 -0.31248456  -0.65851775
  0.61595926  -0.41888433
 -0.25300580   0.39476034
 -0.54219810  -0.29905721
  0.33270250   0.38889284
  0.11206932  -0.35991446
 -0.31443310   0.03402362
 -0.07911211   0.39634457
  0.49890991   0.44018247
  0.12666433   0.34483400
  0.58424495  -0.01081805
  0.49715177   0.16290668
  0.38835465  -0.41588906
 -0.13763417  -0.32614299
 -0.17901595   0.59074379
  0.15083407   0.40395986
 -0.42448835  -0.20778099
 -0.06951357  -0.12124492
 -0.57007979   0.36616401
 -0.16277616  -0.32555510
  0.29549636   0.68448793
  0.26495543  -0.58614719
 -0.00394549  -0.63073492
 -0.77500046  -0.27539914
 -0.47668585  -0.60218189
  0.06044053   0.01539074
  0.47128151  -0.55843056
  0.36170484  -0.23756397
 -0.19537904  -0.03690480
  0.35167453   0.54264486
 -0.01653114  -0.49032759
  0.57451347   0.11039219
  0.26209038  -0.14892679
  0.28390943   0.66137385
  0.39467435   0.20324078
  0.34620125  -0.35862285
 -0.43317278   0.14216856
  0.21995638   0.27167527
 -0.18476467  -0.47061994
 -0.20443742   0.35332030
 -0.69821642   0.35392735
  0.21350455   0.47039593
 -0.60161397   0.37636601
  0.13330086   0.66405045
 -0.48887683   0.35720972
 -0.48561195   0.07728190
 -0.83112471   0.11318533
  0.21394574   0.61313185
  0.18208338   0.02317963
  0.28166882  -0.74867497
 -0.62838665  -0.25958567
 -0.70168893   0.10945385
 -0.30857858  -0.08445092
 -0.56708313   0.14742479
 -0.24395871  -0.79143786
  0.20692968   0.10595195
 -0.13051559  -0.23326604
 -0.55409106   0.61870313
 -0.32081658  -0.62649794
 -0.81738564  -0.13216896
 -0.41129250   0.09607348
 -0.74483475  -0.04332598
  0.44490834  -0.47840781
  0.60517295   0.41656622
  0.23188343  -0.23034155
 -0.85237687   0.01479756
  0.17780929   0.23047325
 -0.26290183   0.35849264
  0.16129532  -0.53693179
  0.09927372   0.59843970
 -0.58013932  -0.11904161
 -0.04379463   0.19744064
  0.48872425  -0.34522475
  0.26705335  -0.49961393
  0.20232783  -0.54053151
 -0.80638865   0.38505797
 -0.57998692   0.37941245
  0.44869624  -0.64652106
 -0.83766374   0.06576616
 -0.58267835   0.27012165
 -0.10373819   0.15702813
  0.27717615  -0.52358046
 -0.70789425  -0.34206970
 -0.09746317   0.11657952
  0.61154400  -0.37506543
 -0.56172458   0.40172672
 -0.05059425   0.21128653
  0.00688511  -0.23720830
  0.34245744   0.44709177
  0.07986738   0.45963550
  0.64518916  -0.34312311
 -0.61927220  -0.34352338
  0.66627457   0.19120689
  0.02934314   0.47255618
 -0.13363752  -0.05885346
 -0.06920504   0.06780429
  0.07848128   0.13448381
 -0.24628490   0.17053588
 -0.73339994  -0.19527501
  0.36164100   0.71522541
 -0.49203116  -0.61381607
  0.67828982   0.35930736
  0.67500951  -0.24316679
  0.01694678   0.17311371
  0.25561492   0.53977564
  0.07178915  -0.39477881
 -0.04870835  -0.79000883
  0.09394643  -0.68233723
 -0.18904222  -0.33993634
 -0.70460145   0.13321276
 -0.68556825  -0.05802555
 -0.20502089  -0.35026063
 -0.54597716   0.11414994
  0.05977065   0.74324086
  0.17846355  -0.44070813
 -0.37973293   0.44167141
 -0.33788273   0.33842974
  0.39066199  -0.29711370
  0.06854257  -0.73707003
  0.09522394   0.50417542
 -0.60913259  -0.48367319
  0.64333094   0.03401573
  0.31527154   0.40242055
  0.34926315  -0.51014222
  0.10827436  -0.39964386
 -0.64273778  -0.28092319
 -0.49647396  -0.67458497
 -0.41223940   0.00690794
  0.20040093  -0.30559396
 -0.26441895  -0.00122343
  0.42945063   0.06372073
  0.03985164  -0.09211585
 -0.43942699   0.20911673
  0.15541928  -0.57243261
  0.28238154   0.42015131
  0.45210550   0.53368297
  0.11061084   0.36749142
 -0.50129560   0.21479870
  0.00479685   0.12854575
 -0.11459017   0.37320586
  0.30787876   0.00806452
  0.31020396  -0.58961830
  0.48666794  -0.33397769
  0.00928813   0.65456584
 -0.85272122   0.26019925
 -0.65992942  -0.21233989
 -0.39794088  -0.09323184
 -0.10293153  -0.21106960
 -0.32495442  -0.22765193
  0.43470027  -0.48961082
 -0.21889678  -0.68009914
 -0.02421293   0.24588885
  0.16294420  -0.09889819
 -0.27861392   0.48267233
 -0.45749272  -0.44350101
 -0.52115783   0.16782153
 -0.03066899   0.30155751
 -0.59145742  -0.37820534
  0.05914160   0.25362650
 -0.43528089   0.21319350
 -0.40002562  -0.09862014
 -0.62004396   0.45075414
  0.40306476   0.58796043
 -0.07147899   0.60906690
  0.04546763  -0.17046126
 -0.00525191   0.02088820
 -0.26199551   0.30342880
 -0.25659065  -0.26456575
 -0.46240269  -0.27343925
  0.66188552  -0.04615129
 -0.64174554   0.30574178
 -0.63446007  -0.37796998
  0.13863260  -0.06959708
 -0.90115343   0.05307716
 -0.71733053   0.26260830
 -0.51730162  -0.49236110
 -0.39150763  -0.31999614
 -0.10843830  -0.46953713
  0.04408284   0.24409922
 -0.17267175   0.14921768
  0.31830545  -0.53327404
  0.01575907   0.43357852
  0.04963741   0.28494203
  0.46869875   0.10910740
  0.25818923  -0.47036453
  0.04377750  -0.58050745
  0.72577337  -0.21022116
  0.34560352   0.07162728
 -0.46661208  -0.24527671
  0.23088777   0.04143152
  0.03481822  -0.74703220
  0.35669439   0.20901837
  0.22284758  -0.37944800
 -0.25886766   0.77912950
 -0.31299344  -0.66763567
  0.34508019  -0.40247873
 -0.12603880   0.03455751
 -0.15826192  -0.01457052
 -0.35596980   0.04079415
  0.03011746   0.16384997
 -0.44722239   0.07420044
 -0.70580367   0.36522985
  0.27879242   0.42602471
  0.66450633  -0.27961158
 -0.78396475  -0.31640084
 -0.86184895  -0.12467807
  0.11704101   0.12963097
 -0.53036901  -0.31950162
  0.04845447  -0.64125850
 -0.47346428  -0.61583992
 -0.55637657   0.00650340
 -0.78072539  -0.28297182
  0.07671873  -0.17113149
  0.42385880  -0.57153420
 -0.07511588  -0.32827584
 -0.39994497   0.77149499
 -0.32736555   0.27106918
  0.03098207   0.82760454
  0.45419923   0.38759737
 -0.51917795  -0.51089579
  0.08918913  -0.68277168
 -0.03210168  -0.38692337
  0.70447355   0.14392631
  0.14123478  -0.37522195
 -0.53579323   0.09166741
  0.21649386   0.61877322
 -0.51342777  -0.25033713
 -0.08782059  -0.69311802
 -0.05422662   0.42617059
 -0.22610667   0.04306852
 -0.18359523   0.60071473
 -0.72776292   0.11493611
  0.00998562   0.48299259
  0.29220767  -0.47816894
  0.11691270   0.46820837
 -0.62011864   0.17471178
  0.22725246  -0.59317319
  0.27325516   0.52555996
  0.53097462  -0.14842413
 -0.44890944  -0.12448827
 -0.38286002  -0.26214481
  0.14066494  -0.58220009
  0.10234421  -0.33038630
 -0.10174672  -0.38626965
  0.50968244   0.35699874
 -0.20853843  -0.52675284
 -0.66590624  -0.33033441
 -0.65977772  -0.51066189
 -0.44600617   0.08062011
  0.16940553  -0.61699105
  0.36162051  -0.33531675
  0.28429249  -0.63656866
  0.65473872  -0.11687864
  0.19098913  -0.77614895
 -0.32872085   0.27650718
 -0.64896297  -0.08494613
 -0.25091044   0.03830557
 -0.30343802   0.38284793
 -0.35855186  -0.04515245
 -0.23415855  -0.58405534
  0.51806080   0.14660563
 -0.63984540   0.10917530
 -0.10627920   0.35287440
 -0.59616314   0.11450393
 -0.07842127  -0.45037393
  0.59549842  -0.07926151
 -0.50664271   0.41913327
  0.14171875   0.11636504
 -0.55426400   0.47639216
 -0.66184409  -0.41393491
 -0.15521050   0.62495539
  0.19294434  -0.31709178
 -0.88027364  -0.12118378
 -0.70944450   0.51566009
 -0.71087987  -0.22504221
 -0.28241849   0.35663328
 -0.38943442   0.26475402
  0.25982439  -0.31119224
 -0.13691586  -0.38681793
 -0.45089108   0.03379434
  0.44287386   0.25842753
 -0.74759394  -0.39950456
 -0.46996985   0.13403926
 -0.23393739  -0.18948171
 -0.33184481  -0.08416601
 -0.02598120  -0.29381697
  0.61744382  -0.41136860
 -0.83390409   0.21948363
 -0.21244341   0.38458215
 -0.11723789  -0.44329553
  0.17821196   0.09691564
  0.33661912   0.36488079
  0.13251558  -0.17827541
  0.05445220  -0.80809396
 -0.53643185  -0.30377732
 -0.54055153   0.15061551
  0.45104922  -0.56932883
  0.63428971   0.08086167
  0.04419732   0.51766257
  0.41759842   0.01929938
  0.47619796  -0.43980479
  0.42472919  -0.12154487
  0.13168573   0.16738043
 -0.22577575  -0.77049985
  0.32833380   0.41585241
  0.11165099  -0.01448811
 -0.32874237  -0.49279829
  0.07253807  -0.16687344
 -0.34163383  -0.20617893
 -0.36876530  -0.16096650
  0.47118259   0.05999343
  0.16170956  -0.07971417
 -0.33148030   0.45511088
 -0.37516792  -0.63904321
 -0.28007181   0.46970269
  0.08777298  -0.55146668
  0.34812110  -0.00215089
  0.03555206  -0.09737102
 -0.72370071  -0.28293733
 -0.63194581   0.60648451
  0.56478355  -0.00029583
  0.19169424  -0.45047624
 -0.54016623  -0.40386303
 -0.08703918  -0.39548177
 -0.66345879   0.03870857
 -0.26241877   0.21104894
 -0.82298124  -0.00193381
 -0.36662094   0.05554549
  0.29559875   0.21005167
  0.05655494  -0.24106740
 -0.82345946  -0.34145947
  0.21080638   0.19057426
  0.31666313  -0.46404824
 -0.89989782  -0.13542660
  0.15146949  -0.16424330
  0.22961944   0.34261428
 -0.04682109   0.22691561
 -0.37414940  -0.11233845
 -0.03658370   0.14893307
 -0.19271524   0.55837430
  0.15877237  -0.67890890
  0.20330816  -0.57980039
 -0.23828383  -0.75743020
  0.52068711   0.10290789
 -0.67813143   0.36150296
 -0.11940557  -0.51559672
  0.37525394   0.24067170
  0.29545153   0.10263832
 -0.81953864  -0.09484562
 -0.42595136   0.26029348
  0.55484244  -0.39921067
  0.25551813   0.46595519
 -0.27293290   0.20996733
 -0.14135878  -0.64547239
 -0.29753362  -0.78098250
 -0.05894747  -0.36353988
  0.16819868  -0.07111625
  0.65199598   0.21440248
  0.00940846  -0.28850218
 -0.07276740  -0.17861699
 -0.45956927   0.61952338
 -0.33185903  -0.41083360
  0.53091107  -0.21718059
  0.36426274  -0.27668231
 -0.20672696  -0.17997496
  0.29809084  -0.17746955
  0.03995427   0.60099196
 -0.63909151  -0.39077700
 -0.89878159   0.03473526
 -0.12003274   0.62079398
  0.03598235   0.50544156
 -0.52474653   0.53257311
 -0.06162700   0.24378912
 -0.02130428   0.03358480
  0.18610949  -0.68200839
  0.52130466  -0.28926511
  0.02959191  -0.30921095
 -0.46385875   0.27220836
  0.72617328   0.21292011
 -0.49616912  -0.48548943
  0.70743815   0.19635929
 -0.20496988   0.62429126
 -0.13643696   0.29567082
 -0.17100490   0.14582585
 -0.88413565  -0.19584876
  0.28560539   0.70752149
 -0.06885941  -0.64481149
  0.23031924   0.59217158
  0.21001512  -0.26801595
 -0.40433007  -0.18061692
  0.50743669   0.10082100
 -0.05248148  -0.83208372
 -0.38906368   0.57357453
 -0.22953706  -0.53690870
  0.17628944  -0.39740998
  0.31541077  -0.01703841
 -0.64500017  -0.44759827
 -0.10876216   0.23950592
  0.02418529   0.03234552
  0.03737174  -0.42924883
  0.37229677  -0.57905547
  0.65512264  -0.14943465
 -0.48973040   0.72852214
 -0.21608660   0.30679739
  0.07433063  -0.53446876
  0.54880534   0.01338314
  0.40956050  -0.57813668
 -0.41420206   0.05472966
 -0.69532889  -0.40252699
 -0.26181126  -0.80232470
 -0.65577172   0.07325301
  0.42787338  -0.57824777
 -0.11948744  -0.54026031
 -0.33560359   0.34675326
  0.25125516   0.62870441
 -0.09115061   0.20837777
 -0.77271612   0.09703034
  0.29872385   0.00395807
  0.38932165  -0.21046240
  0.25659170  -0.30862974
 -0.39355497  -0.22603568
  0.49434881  -0.10480611
 -0.15872348   0.55697681
 -0.45700605  -0.65437962
 -0.40615114  -0.18606733
  0.23268142  -0.10538918
 -0.39519134  -0.52957765
  0.08388860  -0.18955633
 -0.32012572   0.57919373
 -0.66965629  -0.28900473
  0.37888312   0.42242923
  0.02561324   0.52879333
  0.58025073  -0.19200689
 -0.15972286  -0.77176774
 -0.44595470   0.69822475
  0.01039147  -0.36943920
 -0.05254349  -0.79824325
  0.02944555  -0.66032220
 -0.29987782   0.55080348
  0.17471534  -0.64623136
  0.57773937   0.12248414
  0.41834268  -0.28748637
 -0.59531783  -0.02609508
  0.33494848   0.24189916
  0.33107984  -0.08292224
  0.00999387   0.10190391
  0.11461155  -0.03390848
  0.26214960  -0.48400209
 -0.08892613  -0.35195785
  0.26699185  -0.13423309
  0.08183318   0.49030603
 -0.49412406   0.01241721
  0.37156511  -0.20602451
 -0.22810457  -0.48028306
 -0.25925041  -0.23534865
 -0.37482498  -0.22062870
  0.68045734  -0.17374003
  0.60619362   0.27025459
 -0.53207100  -0.06787891
  0.08824530   0.34812863
 -0.73022442   0.14597656
  0.28396965  -0.44244097
  0.14318506   0.02269749
 -0.05052752  -0.25048624
 -0.58986558   0.48908268
  0.08161555  -0.52596670
 -0.28031040  -0.64702387
 -0.16638201  -0.43435634
 -0.14391842   0.31210152
  0.20396294  -0.62873315
  0.51256280  -0.27828911
  0.07905725   0.54100511
 -0.75299183   0.02851304
  0.32997882  -0.35275807
  0.27043813   0.36262085
 -0.49126508   0.02516030
  0.05997361  -0.16320387
 -0.04661222   0.63508216
 -0.72400537   0.00665406
  0.63593749  -0.02771796
 -0.01018734  -0.70954506
 -0.03803374  -0.26335041
  0.48462937  -0.33453474
 -0.40215280   0.67302762
  0.55266402  -0.13570368
  0.46745727   0.51767731
 -0.36819631   0.64896101
  0.19183050  -0.36635841
 -0.58825940  -0.05456071
 -0.74473125   0.25535774
  0.18171584   0.33580998
 -0.62132711   0.11054400
  0.23922146   0.34527062
  0.52751581  -0.10889038
 -0.20617414   0.21806468
  0.27524829  -0.46527808
 -0.40227264  -0.20823493
 -0.16087022  -0.15718435
  0.51347654   0.16635577
 -0.23577392  -0.31675939
  0.10644615   0.69420947
  0.15850433  -0.54907165
 -0.46687946   0.45490535
 -0.14560109   0.11863012
  0.71400444  -0.19769402
 -0.24275107   0.51163794
  0.31433731   0.03212315
  0.17394115   0.70993776
  0.32076198   0.42464987
  0.08327020  -0.79047846
  0.16326066  -0.61318378
  0.52447609  -0.00439291
 -0.12812665  -0.35535792
 -0.78779140  -0.30620845
  0.35999814  -0.53922690
 -0.56594849   0.44844825
  0.19644542   0.33913593
  0.29322265  -0.55590700
  0.29476264   0.64520812
 -0.02299008   0.82559952
  0.53508683  -0.50982883
  0.50191064  -0.59363420
 -0.12434953  -0.55638795
 -0.23111457   0.57248736
 -0.14932088  -0.41417657
 -0.32933252  -0.04264701
  0.15594969   0.10988911
 -0.21380936   0.31188020
  0.44739360   0.60863582
 -0.25795569  -0.53757656
 -0.01484558  -0.04889962
 -0.03970481  -0.20232813
 -0.04598865   0.71080015
 -0.44013592   0.58780057
  0.04713432   0.45104010
  0.52923608  -0.23810513
 -0.68353222  -0.56096956
 -0.27126919  -0.78134291
  0.05610561   0.63536334
  0.03430999  -0.02997699
 -0.78023283  -0.26501737
  0.25485903  -0.52676290
 -0.00279717  -0.46098351
  0.03243211  -0.45093788
  0.40125137   0.00614220
  0.52613389  -0.30560558
  0.17582094   0.66981181
 -0.86469794  -0.18670760
 -0.81717699  -0.15913331
  0.48704947   0.32249470
 -0.55564310  -0.33568971
  0.14642118  -0.35479352
  0.26872939  -0.30331283
 -0.59079376   0.53328285
 -0.43044441   0.00505001
 -0.77823724   0.44069769
 -0.11708847  -0.05050740
  0.07252917   0.59872048
 -0.01806224   0.16315107
  0.48172006  -0.17233742
  0.12978776  -0.04694992
 -0.63733947  -0.57168939
  0.45505580   0.03512129
  0.58613421   0.10616123
  0.31568018   0.05413587
 -0.41329640   0.42883203
 -0.11344423   0.17024579
 -0.84549416   0.18070267
  0.13857256   0.32580045
  0.13805650   0.26332686
  0.17524175   0.61205922
  0.17878412  -0.29122445
 -0.21160883   0.46179536
 -0.64488770  -0.41688945
 -0.24305685   0.60287292
  0.45784349  -0.51926797
  0.06610941   0.24474330
 -0.19542559  -0.21836173
 -0.53794735   0.06240103
 -0.21485301   0.65360386
 -0.26237709   0.38590461
  0.07437147  -0.76056705
 -0.08192773  -0.69728696
 -0.01752836  -0.41492281
 -0.72216745  -0.08662355
  0.23907041  -0.04837504
  0.01967948   0.15453567
  0.28511700  -0.25264593
  0.59598873   0.22744456
  0.41554041  -0.23531490
  0.23210516   0.22488954
 -0.53148043   0.56333787
  0.46458335   0.37945998
 -0.24752920  -0.19220930
 -0.24240871   0.00544119
 -0.00764429  -0.27993412
 -0.56413181  -0.33204896
  0.35495145  -0.40499957
  0.55921531  -0.01080826
 -0.38986605   0.63809911
 -0.87238830   0.12729595
  0.05827021   0.58219269
 -0.29817552  -0.04655309
  0.51678450   0.15752497
  0.49050321  -0.00168190
  0.68808557   0.33088676
 -0.43244681  -0.14731314
 -0.55507488   0.63400139
  0.15380648  -0.03949248
  0.35612899  -0.02026867
 -0.04334086   0.41993145
  0.16784908  -0.13975383
 -0.09450085  -0.73483384
 -0.26195813  -0.51677629
  0.25651592   0.32038891
 -0.36890166  -0.46313146
 -0.10914882   0.08910132
 -0.24003033  -0.54041352
 -0.44375232   0.03401057
 -0.57931457   0.33845558
 -0.17972487  -0.17612404
  0.25583922   0.12275052
 -0.05288068  -0.19860635
  0.21929428   0.25529042
 -0.21877283  -0.49838013
  0.26940164   0.48719546
 -0.02597355   0.49219638
 -0.04209825  -0.74261559
 -0.66466362   0.48965579
 -0.58591352   0.10019672
  0.17479911  -0.19990834
  0.50181827   0.47812645
  0.52596794  -0.46311391
 -0.87415343   0.01925550
 -0.69874707  -0.17304722
  0.54872139  -0.12886832
 -0.29737084   0.78612949
 -0.55404271  -0.05808956
  0.18404799  -0.67733628
  0.20215957  -0.55143233
  0.32620056   0.17757497
  0.57153430   0.02649761
 -0.25829978  -0.45344221
 -0.11928905  -0.07523612
  0.28983233   0.03924706
 -0.60966074  -0.14392523
 -0.18510514  -0.36101455
 -0.78169824   0.23608080
  0.08555699   0.53166117
 -0.14670566  -0.08400531
  0.32926766  -0.43029582
  0.47253938   0.21853374
  0.26141113  -0.22538676
  0.60545073  -0.41049837
 -0.40086494  -0.04102966
  0.36411659   0.71039392
 -0.58223770   0.55470615
 -0.01617481  -0.20856896
 -0.54012848  -0.03814419
 -0.34703903  -0.26546448
  0.28711045   0.05038932
  0.00129000  -0.07822543
 -0.11521595   0.73695683
  0.27201520   0.43053226
  0.16407885  -0.52588496
  0.02151836  -0.29156840
  0.49282265   0.09992286
 -0.76366037   0.02473622
  0.20400917   0.76082667
 -0.55145930   0.53855173
 -0.03716125  -0.62041373
 -0.21888128   0.02059448
  0.09929365   0.22979831
  0.30742029  -0.33457143
 -0.33463140  -0.34748803
 -0.17716991   0.13431458
  0.54637609  -0.00966621
  0.63496041   0.28234473
  0.06444292  -0.46984832
 -0.33385512   0.55496762
  0.11899296   0.29783522
 -0.14795873  -0.70289811
  0.02292355  -0.19819389
  0.11929208  -0.41317325
 -0.41249316  -0.14637421
 -0.29185957  -0.80315304
 -0.16342038  -0.16320049
 -0.26345517   0.21231672
 -0.54264360  -0.06636175
 -0.08389267   0.66784497
  0.13618751   0.39917527
  0.28617264  -0.33680480
  0.01399580  -0.27456325
 -0.82518068   0.00399022
  0.70747295  -0.09849055
  0.24552134  -0.51391037
  0.48067415   0.24154502
 -0.56633476  -0.38563102
 -0.56231814   0.08773990
 -0.32795523  -0.51419477
  0.52271964  -0.29925809
 -0.42722605  -0.62484350
 -0.24359372  -0.49154981
 -0.27417829   0.13472720
 -0.42772001  -0.20601311
  0.41438111   0.17208973
  0.02435868  -0.01614246
 -0.41905744  -0.22442435
  0.20670405  -0.17997078
  0.03093871  -0.37967402
 -0.61309116   0.27900143
 -0.32326541   0.37905219
  0.30245653  -0.06423807
  0.15867917   0.80482542
 -0.43332064  -0.48087044
 -0.05646437   0.61089223
 -0.22891429   0.02704447
  0.18798247   0.12351245
  0.27871191   0.28409198
 -0.81272122  -0.21459112
  0.49871576   0.35892101
  0.32036148   0.17738456
 -0.39318120   0.12020012
  0.59158166  -0.42546458
  0.26953918  -0.36426029
 -0.16624317  -0.02022574
 -0.78286308   0.12161266
  0.03957907  -0.61992934
  0.52974285  -0.04694809
 -0.41419038  -0.18861111
  0.54581640  -0.39232260
 -0.20472795  -0.36649187
 -0.48455327  -0.44982558
 -0.16947500   0.60523315
 -0.35109293   0.42190033
 -0.35841454   0.69928864
 -0.70153683   0.32078674
 -0.17840531   0.54681624
  0.30219609  -0.57104246
  0.10754648  -0.07181107
  0.18652598   0.20913721
  0.48057874   0.38696709
  0.38807758  -0.44572289
  0.32306199   0.46007621
 -0.32753255  -0.05812703
 -0.00865615  -0.00044999
 -0.66699419  -0.50938571
 -0.20429122  -0.28771362
  0.26911498  -0.20763524
 -0.80299174   0.36839705
 -0.49226376  -0.18453822
  0.05177302  -0.61219391
 -0.26780582   0.76648256
 -0.35770824  -0.29840451
  0.44939937   0.17956438
 -0.18134745   0.31288618
  0.66475307   0.33265725
  0.11258382  -0.21194605
  0.53735916   0.37006402
 -0.25652179   0.73476139
  0.59473858  -0.33795447
 -0.51131641  -0.36357683
 -0.37012618  -0.62403100
  0.22324269  -0.58789971
 -0.72618174   0.35207588
 -0.18538580   0.21157335
 -0.54270198   0.25438631
 -0.32324469   0.69027508
 -0.35088836  -0.29060224
  0.61865567  -0.22890302
  0.46531232   0.04052261
 -0.01442865   0.16662026
 -0.01767924  -0.70477559
 -0.28399921  -0.26578835
 -0.49530431   0.57317386
 -0.72939256  -0.16342584
 -0.55623490  -0.22407276
  0.50293694  -0.45654260
 -0.60726428   0.00425152
  0.15310241   0.11911470
 -0.22648090   0.35509986
  0.05968836   0.35242763
  0.45609231  -0.63010644
 -0.34169760  -0.04396219
 -0.34539208  -0.40629973
  0.13722187   0.01354628
  0.33372381   0.19448664
 -0.65498203  -0.15379973
  0.16932356  -0.62130834
 -0.13634807   0.69822684
  0.56331271  -0.34977063
 -0.09464527  -0.35641754
 -0.14455471   0.76582519
  0.55407933  -0.49788504
  0.55735423   0.49609331
  0.05861758   0.24712165
  0.59134507   0.37255410
  0.32136893   0.31889747
  0.20663958  -0.24934685
  0.13102367  -0.14064207
  0.74066825   0.02551130
 -0.67949481  -0.37388213
  0.07418010   0.64005553
 -0.83410945  -0.29747956
 -0.09826294  -0.07806310
  0.59816922  -0.08009982
 -0.48776699  -0.31628747
 -0.29989139  -0.49411011
  0.20763468  -0.30695087
 -0.80622601  -0.20897591
 -0.23824722   0.24013947
 -0.32761618   0.03828737
  0.66380456  -0.32516689
  0.53493661  -0.39021794
 -0.64540152  -0.34750089
  0.03186121   0.19575241
 -0.34212582  -0.05782163
 -0.64807562   0.03251172
 -0.30175175   0.21189672
  0.69520831  -0.16717053
 -0.27227992   0.62872614
  0.04410206   0.48661319
 -0.24251371   0.67749753
  0.31955090  -0.25983831
 -0.57061747   0.32673925
  0.11410145  -0.54177544
  0.01255818   0.28932645
  0.04265620  -0.27049248
 -0.17939588  -0.25151092
  0.64001752   0.14515650
 -0.31541833  -0.12575308
  0.71809101   0.21653874
  0.53646095   0.25653568
  0.44442190  -0.52365710
 -0.68810440   0.36047885
 -0.08823021   0.73480396
 -0.21706994  -0.06026863
 -0.25081855   0.82096110
  0.16389642   0.45027662
  0.58258173  -0.12061949
  0.24044720   0.51922779
  0.45035135   0.48340414
 -0.33567012  -0.40702580
 -0.00794470   0.47831692
  0.24158059  -0.60521328
  0.20204079  -0.14005413
 -0.59573409   0.32908602
 -0.49704858   0.21008200
 -0.60277326   0.10762418
  0.17546633  -0.41699499
 -0.29477705  -0.35649553
 -0.11715223   0.45081897
  0.50492433  -0.10565426
  0.08674653  -0.06336003
 -0.21888579  -0.70360570
  0.03945025  -0.27578585
 -0.75626896  -0.40918017
 -0.18553920  -0.13894201
 -0.30676065  -0.05686086
 -0.16372442  -0.76482793
 -0.22428327  -0.79717541
 -0.01533431   0.66862430
 -0.31073334   0.76399542
 -0.35928460   0.53608177
  0.39222214   0.58650565
  0.24383969   0.68474887
  0.58764064   0.16632398
 -0.12358214   0.56801091
 -0.20682537   0.49421853
 -0.11510808   0.80157536
 -0.13627486   0.33456315
  0.48942919  -0.01592734
  0.42158975   0.49255131
 -0.07324361  -0.16224802
  0.39991277  -0.28454092
  0.24264257  -0.16654718
 -0.83060454  -0.15643989
  0.51989024  -0.04198192
 -0.02671677  -0.29233991
 -0.35610431  -0.63196961
  0.50004581  -0.12473338
  0.06942432  -0.50377695
  0.43502575  -0.19588941
  0.16352693   0.03302084
 -0.38835360  -0.51089659
  0.00653254  -0.70762257
 -0.07116738  -0.39815139
 -0.45735494  -0.47984208
  0.34079536  -0.32050639
  0.41944175   0.66327332
  0.59975153   0.26873307
 -0.51776018  -0.53931788
  0.37799596   0.12352162
 -0.20756771  -0.61728959
 -0.13888736  -0.12685061
 -0.61631785   0.44336445
 -0.07029941   0.30995582
  0.63873871  -0.03916739
 -0.19739642   0.20331060
 -0.42036851   0.04585060
  0.47016417  -0.30168813
 -0.59646328   0.35289552
  0.55457056   0.38938146
 -0.06311732   0.04646123
  0.46884420  -0.01468925
 -0.26261810  -0.20534897
 -0.04914360   0.58787647
  0.01611120   0.12479955
  0.45910107  -0.47162944
 -0.25491622  -0.41281417
 -0.61400064  -0.28562576
 -0.33487421  -0.40733040
 -0.58810065  -0.54261211
 -0.07262908  -0.00877742
 -0.17783900   0.03840752
  0.53417999   0.54949765
  0.42729667  -0.05832844
  0.17786687   0.68889499
 -0.59943394  -0.08662983
 -0.78177519  -0.09337867
 -0.25572788   0.38730198
 -0.03870910   0.08297336
 -0.83892886   0.25749090
 -0.38833942  -0.29105216
 -0.09139582   0.30466848
 -0.13422910   0.71563591
 -0.39247961   0.14303696
 -0.02932069  -0.35986231
 -0.80263812   0.28453896
  0.56419280  -0.19389761
  0.33146084  -0.64018455
 -0.22943175   0.80379290
  0.23859506   0.39369623
 -0.32261961  -0.07678895
 -0.33283291  -0.02864207
  0.01632185  -0.73700354
 -0.02543132   0.63873189
  0.67845471  -0.19051083
 -0.07448589   0.68963599
 -0.10644339   0.75711215
  0.16723365  -0.23093366
 -0.09230051  -0.37037370
 -0.09450129  -0.08861538
 -0.26899047  -0.18025191
  0.18632886  -0.06558355
  0.32152585   0.34035580
 -0.28527507   0.09487552
  0.28440195   0.49726394
  0.47314607  -0.45370732
  0.34917006  -0.16771667
  0.49587125  -0.03417646
 -0.66715386  -0.13185215
  0.49354860  -0.24741844
 -0.18298223  -0.19223422
 -0.55898227  -0.04705739
  0.52978082  -0.04802663
 -0.52238830  -0.46872232
  0.70663676  -0.13237460
  0.56116089  -0.30741095
 -0.40506818  -0.52094838
  0.14618821  -0.42560669
 -0.45082634  -0.05246369
 -0.05774086   0.02344708
  0.21501551  -0.16302928
 -0.39891078  -0.60870411
 -0.13123465  -0.72430440
 -0.16624984  -0.12571344
 -0.09432475   0.71989852
 -0.51455638  -0.04351327
 -0.89991554   0.12951799
 -0.90350092  -0.10198303
 -0.54105651   0.11493156
 -0.47975662  -0.09732060
 -0.67473410   0.47269124
  0.22103447   0.53707383
  0.22423853  -0.29191933
 -0.65162093   0.01313677
  0.54144290   0.11054716
 -0.87807619  -0.21498390
  0.05096511  -0.77630474
 -0.55441845   0.39734354
  0.63744986   0.31017081
 -0.16843640  -0.01241549
  0.04718877  -0.56806146
 -0.30380244   0.05042238
  0.73182604  -0.15476996
 -0.29251041   0.75090626
 -0.25025495  -0.00182899
 -0.31760250  -0.57197167
 -0.02718806  -0.81123434
  0.44271904  -0.59877430
 -0.38697530   0.15882638
  0.42516200   0.07277134
 -0.63505267  -0.61447038
 -0.35954428   0.31954727
  0.62177451  -0.24517512
  0.45452348   0.33043697
 -0.03078373   0.34980262
 -0.13250769  -0.30658728
 -0.14045765   0.21923356
 -0.38082239  -0.24729339
  0.09938434   0.45385374
 -0.12959147  -0.53880453
  0.13528101  -0.75195210
  0.46356793   0.22877684
  0.48368434   0.36979155
 -0.04807067  -0.65209147
  0.12051719  -0.36639210
  0.47295578   0.03800834
  0.48581240  -0.19898316
 -0.41076848   0.15412916
  0.52718754   0.25923816
  0.30158120  -0.18666100
  0.37074726  -0.36099895
  0.06700199   0.07765328
  0.08378400   0.41668978
 -0.23550050  -0.55862841
 -0.58937504  -0.37460952
 -0.35627482   0.55066300
  0.32610573   0.07267200
 -0.29926491  -0.60051372
  0.26598179   0.48882732
  0.59605083  -0.18262849
 -0.78041778  -0.43772255
 -0.20245825  -0.33604163
 -0.08710444  -0.50408067
  0.15664134   0.22043538
  0.61875311  -0.05898379
 -0.10700020   0.27916627
  0.40117337  -0.58542222
 -0.15205080  -0.67224143
 -0.11986130   0.20100290
  0.74319259  -0.02427388
  0.03176429  -0.38835816
 -0.21056535  -0.37328321
  0.58878376  -0.02812080
  0.11851786  -0.15795731
  0.40170461  -0.17684267
  0.63132604  -0.39201093
 -0.53852485  -0.67076951
 -0.10974102  -0.61177493
  0.03768036   0.08271827
 -0.51892408   0.13335540
  0.11718165  -0.53742822
 -0.28096081  -0.40644353
  0.00271837   0.70097726
  0.13574790  -0.37499799
  0.68467037  -0.14727719
 -0.39468594   0.15963367
  0.35621487   0.70704568
  0.20838617  -0.41495999
 -0.31754436  -0.27291256
 -0.17915005   0.10804119
 -0.20538006   0.22163284
  0.13030126   0.08604931
 -0.50154427   0.33240266
 -0.17149320   0.49032677
  0.45088747   0.60958853
 -0.24346698  -0.57289201
 -0.18126759   0.25315685
 -0.82893028   0.31213837
 -0.06135781   0.63620534
 -0.16808652  -0.62602658
  0.41793897  -0.56842750
 -0.32841780   0.61091391
 -0.18526838  -0.31301446
 -0.65431519  -0.57018016
  0.21706606   0.16326245
  0.29670707   0.12422440
  0.22558248  -0.42317014
 -0.53985373  -0.08622110
  0.70714303   0.19093497
  0.04181439  -0.59617571
 -0.83808434  -0.30586342
  0.54428304  -0.47741261
 -0.49797134   0.70062012
 -0.68941810   0.01303287
 -0.30130526   0.79020510
  0.63115703   0.00128308
 -0.74428288  -0.46882439
  0.46313453   0.41742553
  0.32380028   0.06823209
 -0.29828227   0.54309852
 -0.77442422  -0.23073725
 -0.19346111   0.29367630
  0.61820911  -0.26700334
 -0.57719455  -0.36369901
 -0.17624347  -0.16906333
 -0.13402459  -0.26809974
  0.12644683   0.26347773
  0.17384119  -0.46574007
  0.11543697   0.10025726
 -0.30936903   0.05296664
 -0.53436375  -0.46109683
 -0.09683260   0.79045952
 -0.61578399   0.52307916
 -0.25559729   0.41007323
 -0.77041878   0.39525315
 -0.26629942   0.37909350
  0.59735316  -0.44350729
  0.27845711   0.18261644
  0.23288278  -0.63108963
 -0.83266647   0.20215198
  0.24420047   0.53485036
  0.39209016   0.16672001
  0.13114600   0.60650239
  0.43058597  -0.05325833
 -0.07286939   0.14104545
 -0.62940935   0.27864369
  0.29802378  -0.02750734
 -0.26581170   0.56902586
 -0.08227955  -0.11844923
 -0.03771201  -0.30899627
 -0.62947000   0.14438516
 -0.35827475   0.56548870
  0.48982656   0.54638512
 -0.60400956   0.00819096
 -0.85650988   0.17999384
 -0.25734552   0.53798196
 -0.25554170  -0.29450881
 -0.13378178  -0.59861252
 -0.54929727   0.68521977
 -0.34395258  -0.70537362
 -0.69819803   0.36917192
 -0.39279949  -0.03721874
 -0.02446011   0.47746855
  0.31363713   0.17874646
  0.01875130  -0.09936273
  0.29206050  -0.49452886
 -0.15824301   0.70731670
 -0.34222222   0.04992203
 -0.21522491  -0.11048255
 -0.57172993  -0.66696870
  0.10157057  -0.11373346
  0.10975881  -0.46921286
  0.39477120  -0.60949742
 -0.41592738  -0.70111995
  0.21568838   0.51358333
  0.25731800   0.72499820
 -0.42677875   0.59532907
 -0.10695565  -0.78081887
  0.48926362   0.29436265
  0.17154153  -0.42359286
 -0.59761765  -0.32447193
  0.57572894   0.35057965
 -0.26109990  -0.30649153
 -0.39215219  -0.05357024
 -0.58096886   0.03326164
 -0.50892977  -0.33218237
 -0.10407560  -0.78241506
  0.15167471   0.22257039
 -0.72897837   0.22754587
 -0.52632525  -0.31642478
 -0.37601598   0.44691094
 -0.22752772  -0.32206556
  0.00754743   0.23654529
 -0.15296107   0.04405024
  0.48479088  -0.15780117
 -0.61832600  -0.38858937
 -0.42093941  -0.39056538
 -0.50742718   0.58490495
 -0.42791479  -0.00867752
 -0.35081038  -0.35202644
 -0.15576602   0.83346460
  0.75355540  -0.08253924
  0.21133738  -0.21787381
 -0.49637891  -0.08008626
  0.42131117  -0.24673248
  0.30788520  -0.20027595
 -0.09108564  -0.10382777
 -0.46621492  -0.40134870
  0.07705501   0.18899731
 -0.48270929  -0.13170557
 -0.00434422   0.31073314
  0.55162124   0.49845795
  0.18117196   0.71324621
 -0.18318988   0.54048882
 -0.70761928  -0.48322339
 -0.17701148   0.07012124
  0.14029066  -0.64574649
  0.32083901   0.25681043
 -0.00877621  -0.33670365
  0.45607726   0.15570691
 -0.75275356   0.47887192
 -0.45698946   0.61430738
 -0.70010583   0.39765347
 -0.18065880  -0.29244956
  0.01515007  -0.67118720
 -0.29440066  -0.78593911
  0.24353885  -0.19855675
  0.04944868  -0.40352896
  0.42766397   0.65925495
 -0.06451478  -0.08357505
 -0.40929720   0.00149033
  0.00472913  -0.02483434
 -0.33893168   0.10804066
 -0.35967621   0.03684970
 -0.43605582  -0.40518048
  0.01058180   0.09275199
  0.52275020   0.23434721
  0.47668248  -0.05256895
 -0.64413364  -0.15705342
 -0.27796351   0.06545879
  0.14684694   0.69321499
 -0.19821558  -0.08756390
  0.22204895  -0.17302588
 -0.05710164   0.12704510
 -0.02541658  -0.19413124
  0.45808133  -0.05431745
 -0.79329478  -0.00216624
 -0.23521614  -0.37373367
 -0.76079997   0.42572590
  0.51764488  -0.45482728
 -0.44292036  -0.66352874
  0.15769811   0.05934685
 -0.50134459   0.30299769
 -0.39525857  -0.55862678
 -0.77349960  -0.26552486
  0.63797881   0.39252843
  0.07197781   0.70432739
 -0.84218790  -0.08228311
  0.32411532  -0.18007152
 -0.36326178  -0.17197914
  0.49785564   0.27373086
 -0.20662177  -0.47397761
 -0.38573883  -0.02355229
  0.34374128   0.01030515
 -0.79095536   0.14992804
  0.39928713   0.27069802
  0.43873399  -0.46787427
 -0.17334768  -0.36427887
 -0.60690758  -0.12261415
 -0.07872189  -0.56712584
 -0.11610531   0.19046918
 -0.63799979   0.37577777
 -0.25023113  -0.59181166
  0.11066733   0.10571064
  0.27602107   0.12934332
 -0.39108262   0.23931742
  0.32114072  -0.34163063
 -0.61565291  -0.07400269
 -0.21485609   0.13405375
 -0.37725867   0.20623690
  0.05568066  -0.31035343
 -0.36332490   0.14323529
 -0.55783353   0.10290414
 -0.13970382  -0.51661823
  0.16964130  -0.49382586
 -0.13909941   0.59852471
  0.59305020   0.44624807
  0.06180671  -0.69172916
 -0.38417204  -0.33675842
  0.20777109  -0.65106077
 -0.51597698   0.37316001
 -0.62051198  -0.02217442
 -0.27152973   0.35266916
 -0.47862807   0.12275546
  0.67084929  -0.19919178
 -0.34440616   0.50511672
 -0.02766750   0.32996510
 -0.40568184   0.30703728
 -0.39080025   0.61249944
  0.43839940  -0.52720867
 -0.64143927   0.17011166
 -0.85578900   0.00117668
  0.06071848   0.82892539
  0.33483001   0.40963151
  0.04800279  -0.29835030
 -0.18669162  -0.33168927
  0.73310255  -0.16614690
  0.48517838   0.49841485
  0.34031562  -0.68938034
 -0.78082576   0.38185233
 -0.18996397  -0.24285730
 -0.45715864  -0.48677512
  0.20100428   0.46225382
  0.02304770   0.69897261
  0.54070478   0.14348940
 -0.64936756   0.25675099
 -0.74780787  -0.48019633
 -0.00859518  -0.48380851
 -0.19306819  -0.17706486
  0.68423068  -0.28090809
  0.20093822   0.49501379
  0.54654691  -0.08031212
  0.71928270   0.24558207
  0.30000478  -0.00173387
  0.05158075  -0.34452177
  0.26501616  -0.08086461
  0.09018466   0.28098571
  0.72964075  -0.21603000
 -0.36435957   0.03900767
 -0.43726544   0.45409273
 -0.05290750   0.44073621
 -0.69427835  -0.33770085
 -0.09370187   0.26414960
 -0.05578015   0.80815930
 -0.53412901   0.03746038
  0.04923408  -0.59470145
  0.47443807  -0.41488968
 -0.55424720   0.68110660
  0.04583827  -0.74283445
  0.40284362  -0.16153324
 -0.46941741   0.70781662
  0.65603008  -0.00971852
  0.03562410  -0.16565714
 -0.78511702  -0.38786880
 -0.52258756  -0.04227222
 -0.19597044  -0.52321735
  0.16860498   0.37179106
 -0.06540015  -0.74425622
  0.70222872   0.04557159
 -0.11648082  -0.69360440
 -0.19853199   0.00086641
  0.07436798   0.23385588
  0.44483086   0.15163680
 -0.68867811  -0.21311399
  0.59045561  -0.41543188
  0.42269695  -0.38487640
 -0.55350170  -0.19187263
 -0.34909980   0.15010049
  0.34722192  -0.60518184
  0.37843133   0.09812166
  0.61671671   0.33363862
 -0.60653733  -0.14282004
  0.05422915  -0.11561733
 -0.15393844   0.79553893
  0.51270451   0.12891851
  0.07061655   0.51192152
  0.43149788  -0.26622395
  0.02104757  -0.15995038
  0.18083883  -0.22537905
  0.48512259   0.41114905
  0.28098513   0.36192111
  0.47527291   0.35455128
  0.18858640   0.33682894
  0.51555577  -0.51250958
 -0.17981126   0.28615141
  0.30757397   0.72822649
  0.21024381  -0.69027022
  0.19564437   0.48307745
  0.18139007  -0.62907427
  0.32673293  -0.15078408
  0.11229072   0.48375023
 -0.11804914   0.31823687
 -0.48766869   0.60294975
 -0.17589696   0.60587825
 -0.17085201  -0.41963571
  0.21418580  -0.03096530
 -0.14467616  -0.16880623
 -0.39538981   0.21403447
 -0.40754027  -0.38219712
 -0.08652477  -0.66299244
  0.20026695  -0.20749288
 -0.24434621   0.12606410
 -0.16340010   0.56906880
  0.07617241  -0.77454761
 -0.79824098  -0.26377553
 -0.71255183  -0.02268274
 -0.07056687   0.48980127
  0.45940197  -0.62166440
  0.64998158  -0.24113547
  0.05680034   0.05686975
  0.05447885   0.38095028
 -0.46407363  -0.14383091
  0.05286978   0.69538052
  0.23418302  -0.42602878
  0.19793157   0.64245939
 -0.05680649  -0.72152109
  0.10064037  -0.47008730
 -0.42053318  -0.20509940
 -0.22117256   0.20283455
 -0.55597588  -0.43244712
 -0.09369931  -0.75178349
 -0.28383762   0.02625824
 -0.65421971  -0.50239694
 -0.24213879   0.68446359
  0.08619827  -0.20422439
  0.06222501  -0.33129606
 -0.16126674   0.30009310
 -0.03152326  -0.11955322
 -0.37630648   0.61098261
 -0.09850488   0.29523651
 -0.30389677  -0.40424276
  0.48842068   0.21846538
 -0.48738966  -0.27148626
  0.53026872   0.16177116
 -0.27678422  -0.21102054
  0.06264178  -0.52612126
 -0.54317301  -0.34273152
 -0.14211198  -0.10915858
  0.46700766  -0.36283687
 -0.43671401   0.27489317
 -0.23883725   0.02842359
 -0.09639951   0.28286387
 -0.25635376   0.79499806
 -0.28591240   0.78564689
  0.57827723  -0.08958773
 -0.30999050   0.59963818
 -0.55068164   0.11234707
  0.05410928  -0.24690774
 -0.33235841   0.24966638
  0.61818471   0.15278030
 -0.19349451  -0.06168322
 -0.69441984   0.47304306
 -0.45365453  -0.72903678
 -0.60973940   0.65377777
  0.65984181  -0.10918455
 -0.20393575  -0.45946661
 -0.53689941   0.62698272
  0.06053621   0.49367110
  0.03605761  -0.08695943
  0.34082444   0.24852402
 -0.76951662   0.42852475
 -0.50118081   0.47344936
 -0.13897626  -0.39038282
 -0.66615548   0.29405795
 -0.37010861  -0.29051386
 -0.39326327   0.58613267
 -0.01399736   0.64229439
 -0.11630642  -0.73981126
 -0.59926789   0.20881329
 -0.02445566   0.70402830
 -0.15218655  -0.63958719
  0.04011300   0.57764961
  0.06871684   0.02719490
 -0.29339609  -0.11179441
  0.54337719   0.53691893
 -0.56248941   0.60038244
  0.47964381   0.03611886
 -0.60697725  -0.31969589
 -0.29643330  -0.32276523
 -0.24585869  -0.16976767
 -0.61047142   0.37676070
 -0.22685993   0.12369132
  0.19785307  -0.21485956
 -0.34345873  -0.69293441
 -0.52564461   0.57955609
  0.10843386   0.60164792
  0.21916228   0.71869320
  0.25972346   0.62510349
  0.32640153  -0.68202833
 -0.50914025   0.62995288
  0.46341648   0.53546610
  0.55756731  -0.32448280
 -0.00247412   0.54532257
  0.01323578  -0.80549948
  0.14596914   0.42956255
  0.19602633  -0.26711472
 -0.77933452  -0.26469425
 -0.12508849  -0.59781462
  0.39572835   0.65643795
  0.67579079  -0.07444546
 -0.18766427  -0.65734560
  0.08966400  -0.11081025
  0.18921280  -0.08246845
 -0.29092282  -0.42888702
 -0.54816982   0.31077861
  0.46513099   0.03007255
 -0.11156380  -0.38481416
  0.34500027   0.30919611
 -0.23937557   0.47672515
  0.34005141   0.57753704
 -0.55300853  -0.49943735
  0.48627712   0.49443555
 -0.14499673   0.04677768
 -0.05031755  -0.14508624
  0.30790238  -0.33995580
  0.65690753   0.36083067
 -0.20376709   0.48226764
  0.40634170  -0.20878307
 -0.32515110  -0.04701078
  0.07395921  -0.74467230
 -0.21862003   0.16015088
  0.13802259   0.10678981
 -0.11330705   0.72750099
 -0.32620930   0.44236952
 -0.12043518   0.40673988
 -0.28835059   0.10811774
 -0.11850105   0.25052781
 -0.68209426  -0.35806683
 -0.11442627   0.41917953
 -0.35100927   0.32106668
 -0.20509606  -0.68169569
  0.53638619   0.00471810
  0.23669894   0.03590439
  0.36831544   0.31994016
  0.16505954  -0.63534824
 -0.26440006   0.70020575
  0.00492177  -0.16158104
 -0.89753108   0.10938426
 -0.40426599  -0.29036361
 -0.59578001  -0.51351597
 -0.39035312  -0.32038857
  0.25125570  -0.42992291
  0.55644032   0.35959610
 -0.11091284  -0.25535626
 -0.44897558  -0.54345653
 -0.42289439   0.59150650
 -0.65250286   0.43952522
 -0.38618389  -0.39811160
  0.46008780   0.16285526
  0.37036598   0.13139813
  0.14491223  -0.20771038
 -0.05372707   0.61914898
  0.04725956  -0.11179188
 -0.47786835   0.47637262
 -0.27425703  -0.69380293
 -0.64329318   0.20801011
 -0.82380996  -0.11138008
 -0.80094480   0.33139940
 -0.02849119  -0.50311858
  0.30372622   0.07400311
 -0.29392369   0.45352573
  0.54399560  -0.05205516
 -0.35140585  -0.75567199
  0.30838801   0.24623708
  0.36770749  -0.53787012
  0.10744266  -0.23513024
 -0.01089331   0.15122028
 -0.68406449  -0.29910045
  0.36394823  -0.24942394
 -0.21952941   0.40198918
 -0.29163424   0.32153918
  0.33070418  -0.41972716
 -0.35498478  -0.61701677
  0.29058098   0.31632248
 -0.55560884   0.66856891
  0.19765416  -0.00118339
  0.05310532  -0.42507111
  0.21972443  -0.26645581
  0.08599363  -0.47783370
 -0.12079489  -0.05209730
  0.36731585  -0.50635739
  0.04355055   0.80237476
 -0.21328011   0.26872560
 -0.05867281  -0.51982087
 -0.49875291   0.47459787
 -0.02704671  -0.55318185
 -0.04254467  -0.37948405
  0.14014602   0.49964388
 -0.90011781  -0.04331235
 -0.29309983  -0.35579894
 -0.33571349  -0.28980258
 -0.32468779  -0.27958170
  0.31792208   0.23364808
 -0.86520863  -0.26088411
 -0.72691059   0.50512246
 -0.70822535   0.34358892
  0.50094448   0.21858117
  0.05781026   0.50630595
 -0.15044437  -0.25920732
  0.68291424   0.26327101
 -0.32506268   0.34790456
 -0.05076259   0.74078497
 -0.55610614  -0.04280193
 -0.46679664   0.02995215
  0.25432586   0.17724327
 -0.25322036   0.68288337
  0.37687441   0.18346806
 -0.50034517  -0.59649050
 -0.73125913   0.28377244
 -0.29299474  -0.09752494
  0.12248863  -0.16487538
 -0.86824268   0.21905446
 -0.31397608  -0.78705632
 -0.47766134   0.06077725
 -0.41128375   0.51386535
 -0.34779137   0.54201361
 -0.29396815   0.30082290
  0.16087947  -0.38878519
 -0.20866828   0.36305768
 -0.00265845   0.46259098
 -0.09922718  -0.54873576
  0.25517345   0.07591001
  0.59454579   0.26380678
  0.37076339   0.17621050
  0.05804325   0.50437505
 -0.44510122  -0.05588897
 -0.09867050   0.55370779
  0.10970015  -0.64333773
  0.02021990   0.40392365
  0.30474806   0.17809380
  0.64139506   0.21861344
 -0.25058539  -0.19318535
  0.31762888   0.16691888
 -0.20416087   0.21580123
 -0.24647277   0.81792444
  0.18099740   0.34548913
  0.65837318  -0.20893391
  0.01653869   0.79790299
  0.28446735   0.61862502
 -0.34296588   0.73953647
  0.16656361  -0.15964133
 -0.54694228  -0.07036441
  0.09543907   0.76472213
  0.28214458   0.62576115
 -0.50899007   0.36650209
  0.70644715   0.27128102
 -0.42008535   0.05600907
 -0.46403995   0.69156430
 -0.10960240  -0.24858559
  0.06095989  -0.06572618
 -0.56044379   0.33940483
 -0.34737420  -0.66590784
  0.42292185  -0.22714740
  0.49032340  -0.11088133
  0.08257693  -0.76820238
  0.72345101  -0.11514326
  0.32497888  -0.16255474
 -0.66967645   0.29353802
 -0.33368119   0.44544175
  0.02623063   0.78388969
 -0.83435138  -0.22316833
 -0.07195119   0.72931974
 -0.34483985   0.38807883
 -0.36716851  -0.22873050
 -0.76761618   0.35538447
 -0.72307381   0.53623406
  0.46276299   0.50868564
 -0.29205150  -0.18804986
  0.28427115  -0.03432120
 -0.83045685   0.22250130
 -0.02137515  -0.57269304
  0.43504066  -0.43471228
  0.12166978   0.52805480
  0.23239609  -0.16629291
  0.14193400  -0.53081753
 -0.42341043  -0.38271579
 -0.47570056   0.17988553
  0.05151902   0.36196736
  0.01919190   0.32272074
  0.10541242  -0.17514232
  0.38871704   0.36230173
  0.10897312   0.24460217
 -0.14150698   0.03748750
  0.00863284  -0.56418662
 -0.13896285  -0.26229002
 -0.65142814  -0.07757988
  0.36953661   0.63377847
  0.18969903  -0.51737666
 -0.12954508  -0.19434763
 -0.64082982  -0.05591258
  0.71654704   0.01274448
  0.34961584  -0.50573097
 -0.32945097   0.04571186
  0.38390624  -0.28953426
 -0.38408251  -0.58365904
  0.54160686  -0.36215275
  0.57470442   0.25766313
 -0.05443591  -0.36683571
  0.57432793   0.48678339
 -0.15849352  -0.22827461
 -0.33875725  -0.47316315
  0.73012138   0.10279926
  0.28422652  -0.01408019
 -0.22797883  -0.01666427
  0.48215395  -0.48160961
  0.45411088  -0.47498894
 -0.35256228   0.04401378
  0.11585909   0.49339841
  0.18370220   0.36465630
 -0.67227313  -0.40712189
 -0.41433905  -0.18537789
 -0.35821110   0.45730960
 -0.61192867  -0.51674244
 -0.29375849  -0.52006912
  0.08020275   0.71866718
 -0.40960878  -0.57299005
  0.10817883   0.25481334
 -0.15908320   0.12995978
  0.18433398   0.51969477
 -0.28549614  -0.79787983
  0.10262768   0.59304520
 -0.44465980  -0.36814377
 -0.83626569  -0.21871723
 -0.18811482  -0.62003531
  0.56932244  -0.27515532
 -0.33290126   0.13566397
  0.64859233  -0.13485425
 -0.37304152   0.35834633
  0.56964804   0.26224102
  0.02774914   0.29553824
  0.47671316   0.27620193
 -0.01819154   0.06776277
 -0.17796864   0.31070417
 -0.40737247   0.16007404
  0.23092494   0.69155159
 -0.36812671  -0.66176176
 -0.60923612  -0.22010575
  0.22047241   0.78222320
 -0.66730776   0.43198993
 -0.53359223  -0.10192591
 -0.71894835  -0.46284028
 -0.41953838   0.43824827
 -0.69062521   0.32388094
 -0.42728805  -0.34725019
 -0.09648791   0.46161492
  0.32522431   0.28148526
  0.21256709  -0.45447676
 -0.10214238  -0.46054715
  0.69197283   0.08196344
 -0.21343979  -0.64531751
 -0.00114222   0.67775301
 -0.09560340  -0.54312399
 -0.67015609   0.56040397
 -0.14346275  -0.19107508
 -0.57756087  -0.36618968
 -0.13573749  -0.03270369
  0.02574060  -0.31432821
 -0.28606135   0.17229221
 -0.69224498  -0.54648387
 -0.26071115   0.13746527
  0.07339678   0.48999381
 -0.35510293   0.56344799
  0.39514905  -0.33822788
 -0.21263002  -0.27802098
 -0.02499583   0.05228569
  0.37098934  -0.60194253
 -0.44260830   0.56765888
 -0.77417946  -0.02240964
  0.17013267   0.24880856
  0.34371510  -0.25696892
  0.18372393  -0.51286439
 -0.76252097   0.07571849
 -0.49988951  -0.45873560
 -0.65947746  -0.32095879
  0.59006964   0.42623904
 -0.36402157  -0.18233202
 -0.15497978   0.20089073
 -0.56319135  -0.29558346
  0.37237248   0.62318803
  0.03076577  -0.35235972
  0.32979442   0.17677625
 -0.78314747  -0.35578157
 -0.05905427  -0.20817104
  0.55510697  -0.26459426
 -0.21286126  -0.05367227
 -0.56695213   0.08227634
 -0.75206075   0.45760679
 -0.64401343   0.21978672
 -0.44454249   0.21488110
  0.35384405   0.16344448
  0.34071247   0.53179995
  0.67127158  -0.11301800
  0.08904376  -0.02477364
 -0.75275950   0.34112781
 -0.45345183   0.12069284
  0.17167550   0.68349239
 -0.24935365  -0.56402814
  0.68444765   0.05620453
 -0.22318847   0.31351990
 -0.40982812  -0.15773832
  0.53790119  -0.16745089
 -0.55870751   0.39665547
 -0.53668487   0.59933089
 -0.80282847   0.09082417
 -0.56829115  -0.15417145
 -0.80492402  -0.05781855
  0.45285398   0.51364576
  0.23786438   0.44867832
 -0.38204352  -0.75148378
  0.02610536   0.34874336
  0.12470682  -0.37409711
  0.58986171  -0.19892266
  0.56417559   0.52003732
 -0.00522955   0.48703181
 -0.58972259  -0.27794491
  0.11182238   0.27169851
 -0.38599717  -0.66065219
 -0.35240935   0.72411773
  0.01367493  -0.79258141
 -0.64240749   0.15003541
 -0.16324968   0.20535571
  0.52769118   0.01528043
 -0.44466103   0.11636499
 -0.25454267  -0.80219656
  0.39889342   0.33537119
 -0.26018581   0.28517764
  0.43836726  -0.53415408
 -0.26805593   0.29393942
  0.21169029  -0.27612841
  0.15939598  -0.39434705
 -0.14112214   0.32910998
 -0.69995515   0.20940481
  0.22920493  -0.30214713
 -0.64740823   0.03517324
  0.37808335  -0.40465131
 -0.05192776   0.67832558
  0.54280333   0.42902815
  0.66090035  -0.32644915
  0.23142475   0.75948904
  0.16614858  -0.18232567
  0.66398665  -0.00767626
  0.27830246   0.06935087
  0.25089136  -0.52790677
  0.20828777  -0.00107709
  0.30956849  -0.59915575
 -0.10517719   0.24172925
 -0.61860050   0.11209842
  0.05310674   0.63072121
 -0.39388683  -0.21229025
  0.59051845  -0.38054899
  0.42890230   0.32248686
  0.10961966  -0.47510953
 -0.78738596   0.19031323
 -0.49353409   0.24406363
 -0.73647978  -0.22877912
 -0.03965890   0.21804690
 -0.52326429   0.12302752
  0.22537830  -0.26258943
 -0.82077552   0.32526329
 -0.35001724   0.53463717
  0.46826838  -0.12002797
  0.62360049  -0.39041104
 -0.33025907   0.62520777
 -0.18849328  -0.05691022
 -0.33440895  -0.53143771
 -0.04986878  -0.50571800
 -0.24192070   0.77236688
 -0.45923743   0.27674220
  0.51759972  -0.30555187
 -0.10129071  -0.36278914
 -0.32447320   0.54623228
 -0.14502822   0.01237030
  0.42400836  -0.52104050
  0.17546218   0.44793655
 -0.36090899  -0.57609973
 -0.63622399   0.35989963
 -0.40803613  -0.14601978
  0.50278189  -0.26879823
 -0.05659739   0.16718973
 -0.73580133  -0.09299878
  0.23024428   0.32931189
 -0.22468395   0.45831333
 -0.45312779  -0.17782894
 -0.40449826  -0.64630998
 -0.43608144  -0.55795733
  0.03381077   0.25679794
  0.28091387   0.73843369
 -0.19105631  -0.40044388
  0.64303013  -0.03802438
  0.55184940  -0.11266141
 -0.12153638  -0.25991890
  0.39830082  -0.25753214
  0.29896912   0.66982266
 -0.34015720  -0.27805770
  0.00562388   0.22934195
  0.28056500  -0.12378470
 -0.43350961   0.42842454
  0.48114431  -0.58496740
 -0.83555865  -0.23948296
  0.17757889  -0.51770211
 -0.64382821  -0.27599977
 -0.03453831   0.72540951
  0.06148184   0.75354353
  0.19558576   0.36000027
 -0.01597108  -0.24059947
 -0.62154132  -0.10843041
  0.62404168   0.34039253
  0.58335928  -0.44921875
  0.01815530   0.42259488
 -0.22609776   0.23236849
 -0.47031491  -0.02113312
  0.49800767  -0.37700117
  0.16543486  -0.78669097
 -0.37653127   0.38810509
  0.62441355  -0.36397564
 -0.64728878  -0.00497892
  0.48662717   0.58371275
  0.43113370   0.21828118
 -0.32597709  -0.34747679
  0.69695005   0.28959267
  0.51420319  -0.18751908
  0.49899762   0.35867939
 -0.39793447  -0.42534580
 -0.20247037  -0.41881750
  0.58004044   0.04655770
 -0.55054898   0.52906553
 -0.35527486  -0.22827042
  0.21780511  -0.60076805
 -0.85369170   0.18574885
 -0.31292078   0.00045704
  0.12862467   0.25613079
  0.51659930   0.33474866
  0.07336834   0.08975322
 -0.49816815   0.21405260
  0.60120542   0.41383961
  0.25215158  -0.51127577
  0.26658981   0.45928896
 -0.66036968   0.23856006
 -0.44203075  -0.61736021
 -0.16806180  -0.54619538
 -0.89272350  -0.14058947
 -0.54707546   0.22097122
  0.53349863  -0.17466071
 -0.20760950  -0.37155153
  0.22566899   0.37197867
 -0.69369237  -0.24592226
  0.12001611   0.73504814
 -0.63163638  -0.23272901
 -0.71167713   0.27127046
  0.46569945   0.44811060
  0.08471987  -0.00190052
  0.05497879   0.53273767
  0.19893592   0.53246432
  0.23863595   0.71288617
  0.09967723   0.37268070
  0.08616241   0.52335411
  0.04108484  -0.58555152
 -0.67664120   0.10965234
 -0.07230846  -0.55595188
 -0.52698061   0.04338311
  0.44020910  -0.34360370
 -0.49286832  -0.22950543
  0.29082738  -0.20009707
 -0.47190407   0.67504310
 -0.08654408   0.41336569
 -0.01796372   0.21775078
 -0.25404329  -0.07736380
 -0.09432700  -0.01524136
  0.22344773   0.40204439
 -0.42552410   0.38827132
 -0.29340267   0.26164563
  0.15997118   0.12732160
 -0.33672552   0.19880305
 -0.32747291  -0.27080305
 -0.82210068  -0.10031299
 -0.62666991   0.28754867
 -0.50222702  -0.29755347
 -0.64501185   0.36365508
  0.27216506  -0.40305231
 -0.21392979  -0.49849374
 -0.68568619  -0.15130412
  0.47098318   0.47471869
  0.04572227   0.15646616
  0.06955967  -0.66132991
  0.48869515   0.44085330
 -0.55325867   0.47519139
  0.29319336   0.38768337
  0.55950842   0.53327667
 -0.00588109   0.53560377
 -0.13095492  -0.23426303
  0.60843201  -0.24372854
  0.19955257  -0.28101292
 -0.54423570   0.36472666
  0.17842490  -0.38208726
 -0.79956150  -0.26728663
 -0.15443616   0.77272087
  0.28610044  -0.37723365
 -0.53517136   0.66102223
  0.39854433   0.03532008
  0.01180161  -0.06891763
  0.48849261   0.24044707
 -0.33219721   0.66913726
  0.07223794  -0.22259440
  0.68950428   0.24751953
 -0.05472901   0.39271996
 -0.26893530  -0.73847165
 -0.03662287  -0.12301239
  0.34080898   0.48734005
 -0.49901025   0.53297727
  0.47983392  -0.10678802
 -0.38961966  -0.34907649
  0.44546365  -0.05943648
 -0.15527222  -0.08870158
 -0.23559990  -0.08348817
  0.30191935  -0.27889618
 -0.55007965  -0.37964602
  0.32815355  -0.18952518
  0.68603918   0.33298973
  0.04518251  -0.16782472
 -0.44749607   0.43966978
 -0.07995668   0.80737742
 -0.57483622   0.31183173
  0.40270860   0.06001952
  0.36345642   0.13163490
  0.32961357   0.54333178
  0.55615892  -0.35987808
 -0.33552806  -0.40849601
 -0.19508499   0.08388833
  0.21971187  -0.09034031
