18
 0.1718750000  0.5859375000
 0.1718750000 -0.5859375000
-0.1699218750  0.5859375000
-0.1699218750 -0.5859375000
 0.3671875000  0.4882812500
 0.3671875000 -0.4882812500
-0.3652343750  0.4882812500
-0.3652343750 -0.4882812500
 0.5156250000  0.3281250000
 0.5156250000 -0.3281250000
-0.5136718750  0.3281250000
-0.5136718750 -0.3281250000
 0.5722656250  0.2148437500
 0.5722656250 -0.2148437500
-0.5703125000  0.2148437500
-0.5703125000 -0.2148437500
 0.6113281250  0.0000000000
-0.6093750000  0.0000000000
