226
-0.339453  0.515625
-0.382422  0.511328
-0.455469  0.494141
-0.489844  0.481250
-0.507031  0.425391
-0.511328  0.378125
-0.511328  0.326563
-0.511328  0.322266
-0.489844  0.279297
-0.442578  0.244922
-0.382422  0.227734
-0.326563  0.223438
-0.296484  0.223438
-0.305078  0.507031
-0.060156  0.515625
 0.021484  0.489844
 0.055859  0.438281
 0.077344  0.378125
 0.077344  0.313672
 0.073047  0.253516
 0.034375  0.219141
-0.017187  0.210547
-0.077344  0.210547
-0.124609  0.240625
-0.154687  0.279297
-0.167578  0.335156
-0.176172  0.391016
-0.176172  0.455469
-0.150391  0.498438
-0.098828  0.511328
 0.348047  0.545703
 0.305078  0.545703
 0.257813  0.541406
 0.210547  0.532813
 0.201953  0.481250
 0.197656  0.429688
 0.236328  0.408203
 0.279297  0.403906
 0.339453  0.386719
 0.382422  0.369531
 0.386719  0.317969
 0.365234  0.283594
 0.343750  0.253516
 0.317969  0.227734
 0.313672  0.227734
 0.283594  0.214844
 0.240625  0.214844
 0.193359  0.210547
 0.189062  0.210547
-0.502734 -0.038672
-0.481250 -0.038672
-0.433984 -0.042969
-0.399609 -0.042969
-0.365234 -0.051562
-0.348047 -0.085938
-0.348047 -0.094531
-0.348047 -0.137500
-0.369531 -0.180469
-0.391016 -0.223437
-0.425391 -0.257813
-0.459766 -0.283594
-0.494141 -0.313672
-0.515625 -0.335156
-0.485547 -0.339453
-0.438281 -0.343750
-0.391016 -0.339453
-0.343750 -0.339453
-0.305078 -0.335156
-0.214844 -0.012891
-0.206250 -0.012891
-0.154687 -0.017187
-0.094531 -0.025781
-0.038672 -0.034375
 0.000000 -0.060156
 0.000000 -0.107422
-0.017187 -0.150391
-0.042969 -0.184766
-0.073047 -0.214844
-0.103125 -0.236328
-0.133203 -0.266406
-0.150391 -0.287891
-0.171875 -0.317969
-0.146094 -0.322266
-0.090234 -0.322266
-0.047266 -0.326563
 0.008594 -0.317969
 0.055859 -0.317969
 0.382422  0.004297
 0.343750 -0.004297
 0.279297 -0.021484
 0.249219 -0.055859
 0.244922 -0.060156
 0.227734 -0.111719
 0.227734 -0.189062
 0.236328 -0.262109
 0.253516 -0.300781
 0.283594 -0.322266
 0.283594 -0.326563
 0.330859 -0.339453
 0.382422 -0.352344
 0.416797 -0.322266
 0.429688 -0.262109
 0.425391 -0.219141
 0.425391 -0.214844
 0.395312 -0.210547
 0.343750 -0.197656
 0.296484 -0.184766
 0.257813 -0.184766
-0.348047  0.227734
-0.412500  0.236328
-0.468359  0.262109
-0.502734  0.305078
-0.511328  0.356641
-0.507031  0.403906
-0.498438  0.455469
-0.476953  0.489844
-0.438281  0.498438
-0.408203  0.507031
-0.365234  0.515625
-0.326563  0.515625
-0.042969  0.524219
-0.021484  0.511328
 0.004297  0.498438
 0.034375  0.472656
 0.068750  0.412500
 0.081641  0.343750
 0.081641  0.287891
 0.055859  0.236328
 0.012891  0.223438
-0.042969  0.214844
-0.107422  0.232031
-0.141797  0.257813
-0.163281  0.305078
-0.171875  0.365234
-0.171875  0.416797
-0.163281  0.472656
-0.124609  0.507031
 0.236328  0.541406
 0.287891  0.541406
 0.197656  0.459766
 0.206250  0.507031
 0.330859  0.541406
 0.219141  0.421094
 0.266406  0.399609
 0.305078  0.395313
 0.365234  0.373828
 0.382422  0.339453
 0.262109  0.214844
 0.210547  0.214844
-0.472656 -0.034375
-0.451172 -0.038672
-0.421094 -0.038672
-0.352344 -0.154688
-0.348047 -0.111719
-0.412500 -0.240625
-0.472656 -0.292188
-0.464063 -0.343750
-0.429688 -0.343750
-0.412500 -0.343750
-0.378125 -0.343750
-0.360938 -0.343750
-0.326563 -0.339453
 0.038672 -0.313672
-0.017187 -0.313672
-0.034375 -0.326563
-0.073047 -0.326563
-0.111719 -0.326563
-0.137500 -0.326563
-0.124609 -0.257813
-0.180469 -0.008594
-0.133203 -0.017187
-0.068750 -0.025781
-0.021484 -0.042969
 0.000000 -0.081641
-0.012891 -0.141797
-0.038672 -0.163281
-0.090234 -0.219141
 0.322266 -0.008594
 0.300781 -0.008594
 0.236328 -0.090234
 0.219141 -0.158984
 0.227734 -0.227734
 0.214844 -0.197656
 0.270703 -0.309375
 0.305078 -0.335156
 0.352344 -0.348047
 0.429688 -0.296484
 0.433984 -0.244922
 0.378125 -0.206250
 0.322266 -0.184766
 0.253516 -0.038672
 0.356641 -0.004297
 0.399609  0.000000
 0.421094 -0.004297
-0.382422 -0.193359
-0.343750 -0.073047
-0.382422 -0.042969
-0.369531  0.236328
-0.287891  0.507031
 0.223437 -0.141797
 0.223437 -0.124609
 0.223437 -0.214844
 0.236328 -0.244922
 0.240625 -0.279297
 0.412500 -0.343750
 0.433984 -0.275000
 0.369531 -0.352344
 0.305078  0.219141
 0.335156  0.244922
 0.335156  0.244922
 0.356641  0.270703
 0.373828  0.292188
 0.395312  0.348047
-0.055859  0.210547
-0.094531  0.223438
-0.171875  0.438281
 0.068750 -0.313672
-0.287891 -0.330859
-0.519922 -0.038672
-0.541406 -0.042969
-0.425391  0.244922
-0.064453 -0.197656
-0.055859 -0.184766
 0.360938 -0.193359
 0.438281 -0.008594
-0.077344  0.511328
