800
  0.08564096  -0.26594453
  0.36432731   0.30189093
  0.56043745   0.50439102
  0.23613994  -0.84563225
 -0.08547940  -0.44636775
 -0.08984817   0.55098237
 -0.11163629   0.50054022
  0.60048690  -0.65814906
 -0.61428549   0.12480093
 -0.09018232   0.80116985
 -0.60655999   0.48730675
 -0.03934656  -0.57499840
  0.26058800   0.68427459
  0.01205096   0.07935408
  0.23614890   0.84424594
 -0.14355768  -0.65309397
  0.12001199   0.61319196
 -0.42808553  -0.15244698
 -0.21890543  -0.68260151
  0.10838287   0.50830137
 -0.29197578  -0.23313536
  0.22575393   0.55805484
  0.76364807   0.10044935
  0.10983942   0.06954179
  0.14611072   0.18895100
 -0.23310272   0.75969450
  0.48782673  -0.05838955
  0.52858479   0.41504747
 -0.32802661   0.27005897
  0.14050325  -0.21838012
 -0.50104346   0.29327798
  0.21131167   0.30027018
  0.18290467   0.35284769
 -0.11386656   0.40094429
  0.36531221   0.40325301
  0.50797233   0.11173893
 -0.66986922   0.28921895
 -0.01907967  -0.37092638
  0.39434786   0.48580503
 -0.19659978   0.44674438
  0.62930342  -0.04424601
 -0.12240325  -0.80781868
  0.62886069  -0.56423589
 -0.50895401  -0.50122420
  0.14821767  -0.25854177
  0.09935378   0.39941538
 -0.08213318  -0.47238471
 -0.21886449  -0.33260465
  0.10645424  -0.77634094
  0.23390555   0.12522045
  0.60379115  -0.64098319
  0.48927118   0.00979352
 -0.51929789  -0.09593808
 -0.41491206   0.40077654
 -0.54287376  -0.47950242
  0.27156367   0.65783121
  0.52290646   0.54187083
  0.24015697  -0.46183677
 -0.33483070  -0.58551416
  0.13024670   0.64936762
 -0.07861754  -0.46806806
 -0.10175267  -0.77004901
  0.68339017  -0.07426343
  0.58952130   0.56963468
 -0.19555348  -0.53531610
  0.14606004  -0.84255479
 -0.26107724   0.79962449
  0.25177787   0.55213653
 -0.39742669  -0.64481190
  0.68340872  -0.25464670
  0.62240267  -0.25183865
 -0.25614915  -0.68739584
 -0.31997408   0.63137001
 -0.31085497  -0.76673110
 -0.38414083  -0.73984360
 -0.06506971  -0.43315812
 -0.23410083  -0.46815326
  0.45513123   0.06122332
  0.15577803  -0.75593794
  0.81648986   0.00769807
 -0.36326185  -0.29319176
  0.79392765   0.32686923
  0.11447829  -0.61115356
  0.89143665   0.11994971
 -0.26434149  -0.15796223
  0.33757495  -0.74732990
  0.52185306  -0.62657767
 -0.28072796   0.11963204
 -0.26642155  -0.08994132
  0.43311193  -0.60403851
 -0.07608713   0.27460244
 -0.24016956  -0.64195242
  0.27784734   0.46973779
  0.08822992   0.48792239
 -0.14221148  -0.16334936
 -0.45839054  -0.33721130
 -0.34887592   0.34458284
  0.30232274  -0.75300188
 -0.76990650   0.08085482
 -0.31839762  -0.43927050
  0.04318378  -0.77537261
 -0.05019264  -0.71701283
  0.26979344   0.83614671
 -0.64326592   0.28810382
  0.34656364  -0.68368766
  0.72348914  -0.28363023
 -0.21711711  -0.11384672
 -0.52556000  -0.14013273
 -0.60761415   0.53297813
 -0.38134776   0.08460625
  0.80168793   0.11428895
  0.51983992  -0.18368958
 -0.72445078  -0.34697859
  0.18583717  -0.06730653
  0.28408993   0.50905957
  0.29660104  -0.37372769
  0.81303039   0.11579984
 -0.28888335  -0.44770585
  0.49772117   0.24836062
  0.80961943   0.24060718
 -0.28575356  -0.42596180
  0.91611547  -0.07115673
 -0.09858595   0.48706640
 -0.24926670   0.78371969
 -0.06392098   0.37462465
 -0.28332343   0.19325382
 -0.01118119  -0.23447033
  0.32709953  -0.49381991
 -0.26919984   0.68470113
  0.27074349   0.09054721
 -0.04637530   0.77065011
  0.13561211  -0.36790268
  0.65767161  -0.48957123
 -0.44925998  -0.64344343
 -0.17339433  -0.76194427
  0.17801843  -0.12923176
 -0.16917778  -0.35438363
  0.76875631   0.20917402
 -0.09671168   0.02586036
  0.91558172   0.16385251
  0.10906119  -0.15370832
  0.28938380  -0.75100748
  0.00889633   0.58498749
 -0.00222986  -0.27655467
  0.20570995  -0.22491474
  0.36839595  -0.55874896
  0.06962533  -0.49787349
  0.55931581  -0.06161128
  0.58418993   0.62232828
 -0.42049004  -0.16148846
  0.78774516  -0.24821757
 -0.35817555   0.12247463
  0.13854352  -0.81289573
 -0.73195153  -0.09501617
  0.29655185   0.07925399
  0.20675278   0.76206133
 -0.63341099   0.36472790
  0.32488553   0.54721846
  0.25403834   0.14390794
  0.64404309   0.13967064
  0.05451008   0.44460713
  0.57118333   0.53684975
 -0.22661842  -0.74248272
  0.34729804  -0.67749200
 -0.31780104   0.30721932
  0.54998417   0.67189134
  0.11773759  -0.28656440
  0.26276372   0.38720602
  0.84094128  -0.17975667
 -0.66550936  -0.06443104
  0.62296650   0.00038496
 -0.05770838  -0.05218647
 -0.23366846   0.12803696
 -0.02711504  -0.28422635
  0.12927763   0.66959342
  0.13119945  -0.33414801
  0.74485657   0.35099311
 -0.27790285   0.75356031
  0.27110456  -0.05661955
  0.31189632  -0.71263573
 -0.26714279   0.04349348
 -0.25469413   0.75286771
  0.05385958   0.45874799
  0.07029984   0.30900489
  0.12833552  -0.81792197
  0.22067086  -0.77105576
 -0.20284074  -0.39699737
  0.10394306  -0.26882637
  0.68790368   0.10789616
 -0.54161614   0.37363735
  0.19821731  -0.10247765
 -0.63595586   0.49623836
  0.36141527   0.19903772
  0.30274217   0.14548640
  0.55645987  -0.16364206
 -0.04839431   0.71905579
  0.48041893   0.40083684
 -0.79557224  -0.12279495
  0.90877871   0.09471912
 -0.48030148  -0.31474625
 -0.10672241  -0.12093606
 -0.19449902   0.21514118
 -0.02410488   0.73707306
 -0.37952782   0.40212813
 -0.48823426   0.03731475
  0.51854305   0.70911887
  0.32489400   0.71504957
  0.89635937   0.05674931
 -0.14211685  -0.21283641
  0.15424338   0.37694428
 -0.04043976  -0.73362620
 -0.34550904  -0.04409103
 -0.70087511   0.36932118
  0.76053686   0.30725359
  0.21683947  -0.61524174
  0.40882800   0.39910180
  0.62089799   0.54125129
  0.45672654   0.57982885
  0.31691601   0.22035368
  0.55685467   0.51092826
  0.45677789  -0.62646305
  0.16321633   0.77749509
  0.44348046  -0.70522751
 -0.40004209  -0.55178771
  0.50235891   0.38430342
 -0.32678369   0.31644681
 -0.52173016   0.37044986
 -0.09913618   0.59382405
  0.29053942   0.21283361
  0.50368029   0.17201926
  0.26979520  -0.33203678
 -0.45648016   0.19829070
 -0.29838355   0.25714468
  0.25638586  -0.78556627
  0.66721687   0.03816301
  0.02502229   0.08188438
  0.17200115   0.01043911
  0.28309802   0.02809569
 -0.61946579   0.18266766
 -0.01515264  -0.65663742
  0.06229683   0.03163888
  0.17279159   0.65106781
 -0.24476539   0.43060589
  0.03557765  -0.43765412
 -0.44924935  -0.63989656
  0.05090989  -0.76678810
  0.40279517  -0.25578139
 -0.09839450  -0.69870738
 -0.20903471   0.71928756
  0.53397138  -0.31655225
  0.58317122   0.04141508
 -0.45325538  -0.01300881
  0.23987048   0.29579965
  0.64744452  -0.19894572
  0.39105944   0.15752870
  0.85586163  -0.01512754
 -0.23247249   0.31129603
  0.46671322  -0.72161613
 -0.29202239  -0.65911133
 -0.09959718   0.64766676
  0.38202255  -0.35435461
  0.40838884  -0.35707312
  0.76900640   0.21836263
  0.29358432  -0.40314332
 -0.05821464   0.16464767
  0.38907317   0.02546976
 -0.60856010   0.13865149
  0.37436713   0.15490703
  0.04241076  -0.51405834
  0.28776356   0.02650914
 -0.20313336  -0.47624388
  0.08293046  -0.82441811
  0.63436619  -0.17437349
 -0.30351128  -0.78709583
 -0.11954742   0.30800960
 -0.54923836  -0.12764713
  0.07398073   0.74548635
  0.44924976   0.17869953
  0.20492794   0.23787304
 -0.76331108   0.00860854
 -0.18127102  -0.63716801
  0.83038950   0.02637617
 -0.04784990  -0.28837066
  0.77525888   0.34985710
 -0.52690826  -0.19005641
  0.03040216  -0.60199123
  0.80542734  -0.11653548
  0.29430508  -0.81878895
  0.29912587  -0.42801682
 -0.33743751   0.28129513
  0.09440134  -0.33450578
 -0.04707064   0.20753196
 -0.15485517   0.05101916
  0.24852482  -0.53660490
 -0.44122798  -0.44546906
 -0.19010970  -0.23800928
  0.49713875   0.01286112
 -0.40830561  -0.50052166
  0.46622141   0.75160165
  0.23377991  -0.08980078
 -0.59438815  -0.24603768
  0.75970835  -0.36078093
  0.14238669  -0.43673574
  0.91119580   0.16838865
  0.16453861  -0.24524099
  0.40819248  -0.75575175
 -0.26539339  -0.20041251
  0.26637574  -0.41806183
 -0.37814696  -0.19731920
  0.04403505   0.60803726
 -0.05177424  -0.05527998
 -0.13493781  -0.64017390
  0.36930059  -0.38449350
  0.00209076   0.55128543
 -0.67107816   0.43902964
  0.46056369   0.44238607
 -0.24805439  -0.34641682
  0.37634803  -0.43607338
  0.15720421   0.77567053
 -0.14344593   0.05773239
 -0.41128393   0.18012686
 -0.60453860  -0.30703185
 -0.32924615   0.07525936
 -0.09650965  -0.33903696
  0.25588370  -0.32807743
  0.56604064  -0.53062743
 -0.34689022   0.61443841
 -0.29982885   0.44596282
 -0.49717952  -0.25047174
  0.07640050  -0.37182756
 -0.05378134   0.54394880
  0.66930870  -0.49756724
  0.39196185   0.62224035
  0.37663312   0.13655799
  0.02791107  -0.28207384
 -0.04169640   0.75467465
 -0.13617863  -0.61827581
 -0.05146932  -0.03225787
  0.81769111   0.05170398
 -0.58106268  -0.23565381
  0.10564262  -0.73621767
  0.31049533   0.80459702
  0.63100415   0.39842407
  0.42655494  -0.04702957
  0.34075167  -0.69548577
 -0.20101390   0.31449619
  0.18118540  -0.12345734
  0.81791237   0.31123326
 -0.12217293   0.11563735
 -0.15597109   0.47068222
 -0.39880801   0.16811716
 -0.00404219  -0.83377392
  0.25186661   0.31772912
  0.26804529  -0.81232568
  0.33320489  -0.23711169
  0.24218758  -0.66313845
 -0.05582610   0.71506950
 -0.53966834   0.21893133
  0.07715539  -0.67238695
  0.21801137   0.09141692
 -0.08115468   0.54645143
  0.19052973  -0.30419928
  0.26239500   0.06628682
 -0.56089862  -0.44864079
  0.28712324   0.74736508
  0.21353023   0.05675815
  0.12228512  -0.11184295
  0.66121624   0.13801651
  0.39009569  -0.64621870
 -0.12941198  -0.14678027
  0.29490893  -0.23303175
  0.01203098   0.64717239
  0.38692600   0.08007881
  0.19563027  -0.66318561
  0.48826989  -0.02759762
 -0.59033050  -0.55995580
  0.47681163   0.29106640
 -0.66114142   0.06390228
 -0.22757650   0.80622679
 -0.17643844  -0.49433160
  0.52641589  -0.10680073
 -0.35949487   0.11573969
  0.46214753   0.45303868
  0.40019383   0.62703972
 -0.24688007   0.18009775
  0.22983656   0.80164372
 -0.40291635   0.16284136
  0.11107407   0.23305701
  0.85360200   0.22678538
  0.41762674  -0.28269290
  0.11199260   0.59087562
  0.06646016  -0.79008972
 -0.62083558   0.40451175
  0.30414942   0.48911920
  0.33114875   0.07027538
  0.38809994   0.50728356
 -0.41256839   0.23561805
 -0.08657988   0.46317592
  0.85034585   0.14111540
 -0.66177982  -0.46516140
  0.04900247  -0.04144712
  0.45679525  -0.53118673
 -0.27338818   0.51272386
 -0.65984894   0.44879334
 -0.10783812  -0.58573368
  0.28561739   0.05663483
 -0.08680462  -0.33359279
  0.53028385  -0.28951429
 -0.63512917   0.36681241
 -0.69414008   0.11605629
  0.33603916   0.30777247
  0.28664938  -0.80141718
 -0.31202202   0.56191329
  0.64856416   0.31990536
 -0.18572925  -0.72744351
  0.84251541  -0.09553007
  0.39515460  -0.79841191
 -0.63476371  -0.08137836
  0.02977327   0.24650222
 -0.14311537  -0.64891473
 -0.38029200  -0.42900079
  0.01618249  -0.41492106
  0.33136258   0.26501743
  0.32147894   0.23170370
 -0.47971342   0.50723703
 -0.76724282  -0.25544489
  0.13598874  -0.20714163
 -0.63109571   0.02223989
 -0.55918034  -0.18278293
  0.12921186  -0.50827879
 -0.01685421   0.40266932
  0.22125993   0.46414193
  0.25824711   0.69242475
  0.58828250   0.16438322
 -0.32122694   0.22933191
  0.79820510   0.04006707
 -0.09648806   0.25408399
 -0.36385888   0.04156014
 -0.09033390   0.16931741
  0.51737768  -0.19871991
 -0.30867173   0.11815128
 -0.48783195   0.17477535
  0.15653640  -0.81875615
 -0.29115761  -0.02425413
  0.50909714  -0.04792245
 -0.04010539  -0.25558689
 -0.14706945   0.55814376
 -0.28784762  -0.53352200
 -0.05310473  -0.08583672
  0.17036236  -0.36453853
  0.12281708   0.36267880
 -0.09320601  -0.76059245
  0.12590656  -0.20008748
  0.19190665  -0.00799613
  0.51184836  -0.73728222
 -0.43974209  -0.06293211
  0.71443993   0.40569617
 -0.54017965  -0.08795026
  0.00206393   0.13867390
 -0.17793955  -0.41087488
  0.22365068   0.24529807
  0.14513453   0.33364604
  0.12303547  -0.70312744
  0.06270698  -0.30964315
  0.80554270  -0.34512083
  0.24683535   0.60866813
 -0.28115745   0.46010997
  0.75643154   0.09059537
  0.47534376  -0.04413290
 -0.47584772  -0.62695864
 -0.25415240  -0.62811309
 -0.21702507   0.11409253
  0.24854486   0.47990869
 -0.24776660  -0.74624404
 -0.26874814   0.34607417
 -0.57952201   0.56456572
  0.55892119   0.43651167
  0.89442543  -0.04405512
  0.02885437   0.86686198
  0.09304809  -0.16620063
 -0.32316465   0.62064823
  0.72892542   0.01679482
 -0.03450359  -0.10328155
 -0.38934755  -0.42243144
 -0.75715572   0.19741799
 -0.49423181   0.46265606
  0.79843323   0.29376715
  0.60531503  -0.23394002
 -0.33448890  -0.08755950
  0.35244148  -0.23495536
 -0.40997506   0.56710125
 -0.24359513   0.47839785
 -0.59531065  -0.06903400
  0.16371367   0.14065321
  0.41070262  -0.53906114
 -0.01207267   0.43053939
  0.07643821  -0.56051431
  0.32036011   0.78253851
 -0.01721208   0.10089230
 -0.02632020  -0.51019141
  0.24158231  -0.56074762
 -0.69894948  -0.02204930
  0.81484458  -0.34562590
 -0.25021761   0.77804613
  0.88960054   0.20855093
 -0.22250603  -0.33460070
  0.60759361  -0.46233042
 -0.03537422  -0.55705684
  0.19893647  -0.02411035
 -0.55728637   0.43673338
  0.61286859  -0.61053417
  0.21382347  -0.40704560
 -0.36272827  -0.63937409
 -0.21558840  -0.73728405
  0.76098122  -0.01081439
  0.23521677   0.07206232
  0.54549707  -0.59270360
  0.00799009  -0.77342419
  0.03147246   0.23363474
 -0.01853062  -0.27802096
 -0.51184119   0.47548818
  0.01268299   0.71918507
  0.07077787   0.00947140
  0.35694697   0.42758220
 -0.02360480   0.40939500
  0.29371957   0.54744291
 -0.49169374  -0.09303085
 -0.57009420   0.51413039
 -0.05484421  -0.79414198
 -0.33148510   0.71189792
 -0.70735878   0.13600719
  0.25620605  -0.32785501
  0.91356029  -0.17341853
  0.77553476  -0.30354871
  0.07555634  -0.84180831
  0.01227354   0.27461178
  0.48008033  -0.75298833
 -0.45297218   0.12467947
  0.18829844   0.10137750
 -0.33210919   0.48423381
 -0.42218205  -0.49902018
 -0.44063811  -0.28340304
 -0.34885684   0.28277179
  0.31018892  -0.28293999
  0.62810136  -0.05854745
  0.65337853   0.16403334
  0.04697023  -0.68322999
 -0.06549894   0.12982839
 -0.38159387  -0.69689371
 -0.77552462  -0.05075039
  0.17008399  -0.47128502
  0.47933955  -0.18758793
  0.32635166  -0.73024746
  0.53025428   0.69262455
 -0.43417695   0.68237162
 -0.05469639   0.27748072
  0.11374027  -0.06123356
  0.40021210   0.16179191
  0.05833289   0.79003924
  0.41126778   0.28315680
  0.74501336   0.52489427
  0.05476936   0.20930165
 -0.56764870   0.07959073
  0.38027206   0.30066869
  0.75936475  -0.18772184
 -0.29984226   0.12872669
 -0.30644784   0.59454961
 -0.09295108   0.08545070
  0.67417539  -0.07491084
 -0.21993748  -0.78187331
  0.43927083  -0.51332538
  0.18188819  -0.78423938
  0.29896926  -0.41329630
 -0.31647544  -0.35148083
  0.71793452  -0.31609285
  0.09834535   0.06579741
  0.10573594  -0.80319392
 -0.41267593   0.68881112
 -0.38313215   0.28163455
  0.11651290  -0.01144068
  0.72471533   0.51939306
 -0.02424100   0.69661936
 -0.35075419  -0.49840850
  0.14750671   0.79625059
  0.09660241   0.24296160
  0.88760361  -0.26445736
  0.40275892  -0.23494547
 -0.28873209  -0.30403115
 -0.03511330  -0.00834723
  0.36514605   0.05691912
 -0.02196466  -0.05537469
  0.26457350   0.10056413
  0.14978498   0.33594575
 -0.64510546  -0.09958539
  0.73447533   0.25299072
  0.62139326   0.43190891
  0.63980057  -0.23919090
  0.85726633  -0.15772572
  0.28234775  -0.26518817
 -0.48525845   0.26993465
 -0.28642118  -0.36844838
  0.64768074   0.62736528
  0.58525580   0.10606829
  0.06168361   0.26373667
 -0.01464542  -0.16959450
  0.08218939  -0.63992417
 -0.48614408  -0.12887848
 -0.22955779   0.26497991
 -0.58639231   0.35137737
  0.35666498   0.42429066
 -0.76331533  -0.06387774
 -0.04307624  -0.28312200
 -0.67562133  -0.45309811
 -0.38247476  -0.52796530
  0.67831467   0.02610826
 -0.14815089   0.14489313
 -0.11425883  -0.15643296
  0.79061335   0.08305152
  0.43006385   0.30471010
  0.39338613   0.08825421
  0.34771945   0.13945979
 -0.18348351  -0.26788639
 -0.29246402   0.61355076
 -0.22638905   0.63405611
 -0.40796081   0.50171753
 -0.35891613  -0.44102837
  0.82765546  -0.15273900
 -0.09658679  -0.31075554
  0.32287349   0.63793189
 -0.38737198   0.34196840
  0.42451614   0.05226742
 -0.25796083   0.08839911
  0.33212771  -0.66662580
  0.31707802   0.05116341
 -0.40398911  -0.33522919
 -0.40004544   0.10497731
  0.32804985  -0.77502047
 -0.24310093  -0.72204976
 -0.38181599   0.72372849
 -0.34766807   0.33584019
 -0.46616592  -0.03947649
 -0.42835846  -0.63667886
  0.24046199  -0.52621092
  0.52782190   0.72545969
 -0.24452554   0.37734136
 -0.21733499  -0.36860023
  0.31054299   0.05596331
  0.60807593  -0.31209014
  0.23740994   0.11962866
  0.40461021  -0.19561207
  0.35244528   0.29531129
  0.02553408  -0.40287243
  0.32140469   0.06296896
 -0.44109566  -0.41536170
 -0.35531506   0.18806620
 -0.34961836  -0.36511217
  0.63338079  -0.42810962
  0.76864911   0.27147836
  0.39098460   0.16503989
  0.00206040  -0.56111646
 -0.78580825  -0.11427343
 -0.67133875   0.27709631
  0.01107368  -0.53739456
  0.74060660   0.34865484
 -0.32666914  -0.02791028
  0.27935361   0.62100134
  0.29291142  -0.11469369
  0.24529792   0.46775796
  0.01273674  -0.26233804
 -0.60610551  -0.27318995
 -0.21966288  -0.67507676
  0.45295258   0.14194852
  0.26739816  -0.08743357
 -0.09909279  -0.32415050
  0.51242255   0.04840041
 -0.61640988  -0.11241510
 -0.46317518  -0.29408660
 -0.02205032   0.47243493
  0.61646625  -0.04539282
 -0.16919305   0.37018421
  0.58105214  -0.19369952
  0.40658012  -0.27251616
  0.24992814  -0.32383997
  0.71393332   0.05686289
  0.25722891   0.12480755
 -0.01015864  -0.75528092
 -0.59961730  -0.12767159
  0.28706144  -0.64149413
  0.63205064  -0.39091286
  0.50738552  -0.43198903
  0.41347253   0.14323944
  0.13970476  -0.14329555
 -0.15336404  -0.80356824
  0.06486199   0.30009108
  0.14880608   0.29946197
 -0.05212273  -0.54237993
 -0.09107097  -0.07755399
 -0.59073037   0.05754708
 -0.12212467  -0.16327874
  0.19882767  -0.14192352
 -0.55093624  -0.04180367
  0.47708039   0.53285506
 -0.73163744  -0.28813354
 -0.29910123   0.14298799
  0.64356586   0.13289985
 -0.73345728  -0.00428141
  0.51641249  -0.60758192
 -0.32605707  -0.02618615
  0.67109316   0.22149934
 -0.18516803  -0.61508976
  0.07536655   0.09802800
 -0.43678400  -0.15625447
  0.03298759   0.70235669
  0.11814232  -0.82132949
 -0.03313564  -0.25299300
 -0.24300013   0.35394000
  0.81533947  -0.31149768
 -0.30769923   0.30471551
 -0.05625916   0.53093175
  0.49412718  -0.24819935
 -0.11258083   0.31680820
  0.60521676  -0.11551973
  0.40101441  -0.22433427
  0.88905817   0.21611502
 -0.49583980   0.49624475
  0.79219845   0.43653471
  0.13778046   0.33887977
 -0.53193445  -0.44499725
 -0.12682757   0.13226153
 -0.37656116  -0.51024477
 -0.59763845  -0.10351877
 -0.33674113   0.69847644
  0.11485343   0.28343887
 -0.80212771   0.05644606
  0.44611705  -0.51452741
 -0.26977013  -0.69882216
 -0.13438932  -0.52960980
 -0.32390061   0.56725445
  0.41089580   0.40256650
  0.84948682   0.05698686
  0.34075702   0.42852114
 -0.40032349  -0.42061255
 -0.38295569   0.37444392
  0.81470213   0.34754685
 -0.79423482   0.00160860
 -0.49909270   0.51765874
  0.30108797  -0.67459660
  0.00657045  -0.41754548
  0.34012412   0.77660896
  0.36685284  -0.01854154
 -0.45016676   0.47608177
  0.65096736   0.21633300
  0.67133238  -0.33321041
  0.08570931  -0.38383385
 -0.70364201   0.28799342
  0.85892037   0.13275256
  0.78729276  -0.16478870
  0.34513194   0.12478849
 -0.73878580   0.17546681
  0.17109645   0.46328621
 -0.02732017   0.14761087
  0.29571612   0.30831512
 -0.09341653   0.11710115
  0.20791548   0.01352500
  0.76257882  -0.04603428
 -0.57632266  -0.00542058
 -0.18914306  -0.30151933
 -0.36586522  -0.17564273
 -0.14011630   0.75143173
  0.30838635   0.15853732
  0.30824057  -0.60523392
  0.07925754   0.83237023
  0.28986433  -0.32683483
 -0.46873542  -0.09676145
  0.11157801   0.65492719
  0.69839524  -0.08524903
  0.23431127   0.03903391
  0.19776799   0.82085648
  0.12071772  -0.39824293
  0.65379855   0.50159646
 -0.05471819   0.56162530
  0.50727320  -0.17140227
 -0.21932773  -0.54776417
 -0.18876285   0.55175055
 -0.06468824   0.13612885
  0.72117605   0.02493605
  0.06305698   0.79374983
 -0.43447116   0.23198938
 -0.11559929   0.33904702
  0.29746225  -0.07384020
 -0.38624652  -0.61239169
  0.23871631   0.07451805
 -0.27905056  -0.17191642
  0.49633028   0.28978213
 -0.57833626   0.42450191
 -0.41414462   0.34405735
 -0.36162311   0.08919962
 -0.44539939   0.75055131
  0.27602679  -0.88073570
  0.37144795   0.85196257
