336
 -0.01186433  -0.99982428
  0.02035963  -0.99960974
  0.03071857  -0.99951211
  0.03358471  -0.99939893
  0.03747117  -0.99918386
  0.08950658  -0.99596170
  0.10191434  -0.99471129
  0.10497999  -0.99437928
  0.12894743  -0.99128473
  0.14838921  -0.98848524
  0.16401726  -0.98620948
  0.17041795  -0.98510440
  0.18351413  -0.98272785
  0.18967568  -0.98160807
  0.20195463  -0.97935400
  0.21921177  -0.97558554
  0.22734744  -0.97368636
  0.26850751  -0.96321664
  0.28989821  -0.95679182
  0.30923804  -0.95097493
  0.33013039  -0.94389561
  0.35724194  -0.93390087
  0.37661774  -0.92604872
  0.40775851  -0.91308492
  0.42266785  -0.90620546
  0.44603330  -0.89481690
  0.46088727  -0.88734065
  0.46526484  -0.88510698
  0.47450319  -0.88010706
  0.49527023  -0.86872717
  0.49718297  -0.86761581
  0.50521807  -0.86291939
  0.52293767  -0.85222443
  0.54455334  -0.83861618
  0.54757163  -0.83665257
  0.55657508  -0.83075400
  0.57357729  -0.81903711
  0.58113757  -0.81373409
  0.59879369  -0.80067272
  0.61659483  -0.78721771
  0.64476468  -0.76425415
  0.64996003  -0.75987047
  0.65183793  -0.75824966
  0.65690231  -0.75382935
  0.67292978  -0.73957452
  0.67788126  -0.73509562
  0.68618816  -0.72711018
  0.71024663  -0.70371238
  0.71837724  -0.69534130
  0.73229735  -0.68093272
  0.74825667  -0.66337674
  0.76877805  -0.63923298
  0.79148655  -0.61098809
  0.79321925  -0.60882254
  0.80246001  -0.59649199
  0.80892659  -0.58781775
  0.82592914  -0.56366059
  0.83489328  -0.55017753
  0.85001460  -0.52635012
  0.86164960  -0.50705789
  0.86523806  -0.50075779
  0.88364674  -0.46805068
  0.89411329  -0.44750990
  0.89518135  -0.44539297
  0.90574545  -0.42347583
  0.91301416  -0.40784515
  0.91453426  -0.40448536
  0.91992140  -0.39202596
  0.92983160  -0.36783531
  0.93085536  -0.36520047
  0.93289432  -0.35987428
  0.93824399  -0.34543874
  0.94561834  -0.32481826
  0.95267973  -0.30384644
  0.95435962  -0.29851673
  0.95831310  -0.28544698
  0.96479633  -0.26186995
  0.97361645  -0.22791696
  0.97401581  -0.22624914
  0.98224566  -0.18751880
  0.98403621  -0.17793374
  0.98489562  -0.17281769
  0.98852249  -0.15093712
  0.99039789  -0.13770892
  0.99259537  -0.12036215
  0.99445662  -0.10513408
  0.99618291  -0.08475622
  0.99800220  -0.06009523
  0.99884719  -0.04651054
  0.99906431  -0.04048136
  0.99974381  -0.01705234
  0.99986509  -0.00929694
  0.99954813   0.02673176
  0.99892055   0.04609978
  0.99684579   0.07878388
  0.99419684   0.10736338
  0.99217528   0.12425107
  0.98990909   0.14120799
  0.98707270   0.15957954
  0.98492034   0.17196917
  0.98109915   0.19227290
  0.97569724   0.21865078
  0.97557822   0.21918383
  0.96928882   0.24562443
  0.96516494   0.26147757
  0.95791431   0.28604336
  0.94904726   0.31511941
  0.94241071   0.33442202
  0.93776075   0.34721317
  0.93197384   0.36219921
  0.92372394   0.38279996
  0.92244576   0.38596114
  0.91848294   0.39533842
  0.90750826   0.41996648
  0.90405266   0.42715054
  0.89139935   0.45307826
  0.88836794   0.45893715
  0.87782912   0.47881914
  0.86263695   0.50577368
  0.85081327   0.52544664
  0.84373019   0.53672817
  0.83367585   0.55210809
  0.82765073   0.56083250
  0.81661458   0.57675073
  0.80789460   0.58922292
  0.79684398   0.60414264
  0.79333917   0.60872297
  0.78651212   0.61743431
  0.76748844   0.64104721
  0.74136823   0.67059446
  0.72697794   0.68638400
  0.72069801   0.69310102
  0.71647080   0.69754414
  0.69254595   0.72133537
  0.68912401   0.72461213
  0.66803564   0.74407591
  0.65128948   0.75868798
  0.63048424   0.77601783
  0.60866781   0.79340790
  0.60665564   0.79490828
  0.58182432   0.81327523
  0.56622395   0.82418468
  0.56233555   0.82687608
  0.53932578   0.84196875
  0.51546782   0.85687944
  0.50052248   0.86560577
  0.48614304   0.87372955
  0.47360243   0.88067428
  0.47196045   0.88156678
  0.46557083   0.88492178
  0.46075470   0.88742375
  0.45610579   0.88983868
  0.44495685   0.89540851
  0.42644612   0.90442676
  0.42192053   0.90653762
  0.39946333   0.91663580
  0.38468029   0.92291286
  0.35882578   0.93328367
  0.35316925   0.93539621
  0.34728950   0.93755831
  0.32878806   0.94400746
  0.31786461   0.94776761
  0.29264717   0.95571598
  0.25495175   0.96694593
  0.22301072   0.97481281
  0.21035957   0.97761233
  0.16829994   0.98559742
  0.15802595   0.98736372
  0.15334138   0.98811050
  0.12480148   0.99213170
  0.11445356   0.99339688
  0.08376078   0.99612680
  0.06824150   0.99732114
  0.04405196   0.99880926
  0.01383873   0.99983045
  0.01100790   0.99987877
  0.00030887   0.99995274
 -0.03323490   0.99934196
 -0.05727479   0.99835702
 -0.07676951   0.99697816
 -0.10064060   0.99487569
 -0.11528273   0.99325677
 -0.13203025   0.99113403
 -0.14460755   0.98939321
 -0.15322273   0.98808171
 -0.17066594   0.98523374
 -0.21150920   0.97732955
 -0.22252452   0.97487711
 -0.24887106   0.96849827
 -0.28989987   0.95701789
 -0.30384617   0.95259200
 -0.30894688   0.95095808
 -0.32605035   0.94526767
 -0.36255890   0.93194314
 -0.36586220   0.93062691
 -0.39690628   0.91772910
 -0.40354259   0.91493222
 -0.43456373   0.90057045
 -0.46297470   0.88634977
 -0.49237737   0.87026137
 -0.51505123   0.85710126
 -0.53194427   0.84651827
 -0.54737230   0.83677995
 -0.55291870   0.83312494
 -0.56040674   0.82805706
 -0.57881764   0.81545092
 -0.58643294   0.80999499
 -0.59566029   0.80322321
 -0.60843454   0.79354813
 -0.61182390   0.79092049
 -0.61968199   0.78479397
 -0.62192197   0.78294756
 -0.65554839   0.75510254
 -0.67706526   0.73585451
 -0.69601871   0.71781601
 -0.69950037   0.71442932
 -0.71292549   0.70100326
 -0.72369725   0.68998462
 -0.73679949   0.67606045
 -0.76186056   0.64764234
 -0.77468731   0.63211398
 -0.78835963   0.61497024
 -0.81100121   0.58489977
 -0.81625738   0.57745617
 -0.83301798   0.55294717
 -0.83815402   0.54503668
 -0.85101875   0.52511236
 -0.85946763   0.51104375
 -0.86653920   0.49888530
 -0.87687344   0.47991697
 -0.88876718   0.45790989
 -0.89464555   0.44639751
 -0.90295110   0.42908015
 -0.90406365   0.42672641
 -0.91500110   0.40314026
 -0.91753123   0.39765319
 -0.92322819   0.38407765
 -0.93475831   0.35456766
 -0.93825846   0.34555097
 -0.94289535   0.33295962
 -0.95184057   0.30608759
 -0.95616389   0.29281281
 -0.96383666   0.26534257
 -0.97013445   0.24209387
 -0.97678684   0.21354238
 -0.98122589   0.19194226
 -0.98363222   0.17892830
 -0.98643143   0.16339251
 -0.98802976   0.15371366
 -0.98862631   0.14991795
 -0.99082188   0.13484658
 -0.99470433   0.10096725
 -0.99524974   0.09536485
 -0.99697148   0.07411702
 -0.99814149   0.05783030
 -0.99871161   0.04837503
 -0.99991419   0.01184648
 -0.99994149   0.00090566
 -0.99939972  -0.03388465
 -0.99815575  -0.05852350
 -0.99788360  -0.06323083
 -0.99758782  -0.06800647
 -0.99614894  -0.08578067
 -0.99293494  -0.11757059
 -0.98912792  -0.14624206
 -0.98698273  -0.16046447
 -0.98404763  -0.17684264
 -0.97985747  -0.19848610
 -0.97577332  -0.21877855
 -0.97403223  -0.22630637
 -0.96663217  -0.25569116
 -0.96498098  -0.26206736
 -0.95914318  -0.28220548
 -0.94520480  -0.32613915
 -0.92972344  -0.36715285
 -0.92001770  -0.39134894
 -0.90999072  -0.41459563
 -0.89537576  -0.44530247
 -0.87741054  -0.47973110
 -0.87138888  -0.49042759
 -0.86052250  -0.50933011
 -0.84979251  -0.52692726
 -0.84104009  -0.54087280
 -0.82958157  -0.55828012
 -0.81522470  -0.57914238
 -0.79382930  -0.60792387
 -0.78663206  -0.61720781
 -0.77647601  -0.62996147
 -0.75926828  -0.65067520
 -0.75043585  -0.66090133
 -0.74125179  -0.67114974
 -0.72841832  -0.68489845
 -0.71823098  -0.69556893
 -0.70548391  -0.70867661
 -0.68160228  -0.73159471
 -0.66438684  -0.74707910
 -0.65427670  -0.75605493
 -0.63711175  -0.77071131
 -0.62504127  -0.78055848
 -0.61722884  -0.78669596
 -0.60147482  -0.79886284
 -0.56682793  -0.82383437
 -0.55939126  -0.82878451
 -0.53763874  -0.84317379
 -0.53149684  -0.84688088
 -0.50521092  -0.86245734
 -0.49166178  -0.87032891
 -0.47188728  -0.88149697
 -0.47019753  -0.88242535
 -0.46688961  -0.88422694
 -0.45256247  -0.89170603
 -0.44434654  -0.89564770
 -0.43918782  -0.89811556
 -0.42348237  -0.90558981
 -0.40871591  -0.91257599
 -0.38587350  -0.92251924
 -0.36556098  -0.93077555
 -0.33256348  -0.94294880
 -0.32843583  -0.94434744
 -0.30428648  -0.95244076
 -0.28986056  -0.95701443
 -0.27868824  -0.96023938
 -0.27518592  -0.96124884
 -0.25051114  -0.96802386
 -0.24781323  -0.96875021
 -0.23667550  -0.97153037
 -0.20380795  -0.97886169
 -0.18038621  -0.98343064
 -0.16981571  -0.98542804
 -0.13194079  -0.99108290
 -0.12861642  -0.99146137
 -0.09179562  -0.99562143
 -0.07717364  -0.99689017
 -0.06305938  -0.99785151
 -0.03996746  -0.99916760
 -0.02297728  -0.99972699

336 points, all on the convex hull
