2000
 -0.30339270  -0.13719018
 -0.26487048  -0.20004167
  0.19673447  -0.75949015
 -0.71579109   0.05105251
  0.02065152   0.53439304
  0.88200598  -0.23961797
  0.70074760   0.51167630
 -0.29358650   0.52398621
  0.64951130  -0.28264326
  0.01598881   0.08936251
 -0.56291418   0.05223426
 -0.29054429   0.33289742
  0.20278249  -0.59834825
  0.02684986   0.73704885
 -0.73944005  -0.02082989
  0.32460828  -0.50221441
  0.42711348  -0.21604888
 -0.47345823   0.07321347
  0.00528438  -0.62633776
  0.43187165  -0.45951638
  0.29925352  -0.25701935
 -0.36245801  -0.11033332
 -0.55505697   0.22777393
 -0.57467474  -0.24409914
 -0.33644507   0.34180711
  0.49355984  -0.17185248
 -0.22876288  -0.52855826
  0.19114157   0.38493500
  0.82190557  -0.06468653
  0.47771905  -0.22243217
 -0.17042686  -0.29035583
 -0.17464612   0.44105029
 -0.26537435   0.55399625
  0.37929208   0.51534378
 -0.68720204  -0.35079341
  0.57843184  -0.07529216
  0.19285200   0.16930286
  0.24651401   0.09995079
  0.27390396   0.18812317
 -0.13753132   0.22081764
  0.79238896   0.48172530
  0.62621199  -0.66164105
  0.50647977  -0.54953481
  0.43052584   0.78874447
 -0.02870634  -0.64807470
  0.66902192   0.02822644
  0.90055288   0.05167592
 -0.06348241   0.79353677
  0.77125942   0.06538348
  0.26579076  -0.54001040
  0.08626672  -0.17248002
  0.10497249  -0.06810379
 -0.22277814  -0.55527559
  0.51593719   0.37458451
  0.11294934   0.73747361
  0.66517361   0.21908759
 -0.00937487  -0.34074393
 -0.25802837  -0.79227117
 -0.05796641   0.71473460
  0.15684113  -0.21938189
 -0.59755255   0.32596165
 -0.08460525   0.27362909
  0.75945170   0.35551923
  0.27811651  -0.79774022
  0.64900089  -0.01051405
 -0.10240000   0.67304637
  0.31993236   0.00281156
  0.19345006   0.54643126
 -0.67362580  -0.23610769
 -0.07280814   0.02665878
  0.75070141  -0.06564129
  0.01869283   0.55418479
 -0.45484268  -0.21981156
 -0.25410408   0.51887568
  0.56342500  -0.70458541
 -0.12449132   0.10218008
 -0.58578192  -0.45229096
 -0.37748690  -0.65876834
  0.03826808  -0.07295488
  0.24870853  -0.07049194
 -0.11631046  -0.48987256
  0.34146736  -0.73314735
  0.14387559   0.82427607
  0.28793215  -0.81219365
  0.27265800   0.15984915
 -0.17048287  -0.42508100
 -0.11428700   0.56108051
 -0.47733054   0.43423419
  0.62245799  -0.35157220
 -0.04948255   0.05537812
 -0.07539089  -0.80178516
 -0.06545244   0.14381624
 -0.34890183   0.13946565
 -0.52160808  -0.39896337
 -0.14504764   0.17777036
 -0.21564324   0.04102467
  0.34749208   0.81619018
 -0.23244476  -0.35005501
  0.02744205  -0.09807377
  0.48289535  -0.08338502
  0.62932303  -0.37556244
  0.21576598  -0.51000351
  0.22739105   0.32534098
  0.18882125   0.27777132
 -0.19572251   0.11767994
  0.13211517  -0.73768726
  0.29270700   0.16978904
  0.17729078  -0.30129927
 -0.51841205  -0.12798643
 -0.24109958   0.09482565
 -0.46771451  -0.37156317
  0.93377789  -0.16365332
 -0.37985735  -0.46038947
 -0.17408729   0.12309204
 -0.53937075   0.31624868
 -0.21949890   0.74008424
  0.86506148   0.37434623
  0.46885207   0.13306288
 -0.22060879  -0.69725310
  0.26553953  -0.55546297
  0.10232882   0.74056370
 -0.00645733   0.85757682
  0.86776923  -0.34125883
  0.09857515  -0.00606284
  0.49094558  -0.69177073
  0.14099563  -0.44888614
  0.44986824  -0.68946914
  0.53093237   0.40772496
 -0.25186320   0.26852551
  0.19359249  -0.28726684
  0.09622728   0.45906117
  0.41701677  -0.32316796
  0.29066300   0.36737541
  0.32636837   0.38734604
  0.07413637   0.07426476
 -0.49562555  -0.15790028
 -0.19806156   0.33979998
  0.44157607  -0.14774461
  0.04030599   0.82819916
  0.62228059   0.50890333
 -0.18476285   0.21467606
  0.66101062   0.54273068
 -0.02744002  -0.00733416
 -0.05726327  -0.58041979
  0.61431096  -0.63980803
 -0.48309383   0.37382707
 -0.18939272   0.49952262
  0.14871083  -0.05332163
  0.36210585  -0.06663834
  0.07018725   0.71882829
  0.26223039  -0.83228567
 -0.39561316  -0.03133879
  0.72002231   0.49240469
 -0.25053987   0.10289115
  0.67379008   0.30946086
  0.69585425  -0.23827819
  0.31858500  -0.08061801
  0.23953076  -0.21156758
  0.25064873  -0.04607610
  0.46313732  -0.05412056
  0.16788395  -0.52134527
  0.02256579   0.73021636
 -0.47783292  -0.10863022
 -0.74205845   0.14512888
 -0.12829719   0.62835433
  0.11601724   0.03276622
  0.01322845   0.16531238
  0.12517075  -0.26585892
 -0.55360428  -0.41751426
  0.29238651  -0.44603805
  0.23168046   0.66026765
  0.24755968  -0.43605374
  0.40381545   0.23292211
  0.18027756  -0.70868253
 -0.33738247   0.73457767
  0.02107414  -0.61863750
 -0.03909680  -0.37457116
 -0.49263058  -0.41714041
 -0.01453758  -0.14769684
 -0.01413169   0.84051404
 -0.34460604  -0.46029774
  0.55628472  -0.13433093
  0.29255218  -0.82728168
  0.52961212  -0.72833232
 -0.41233772   0.07141229
 -0.00062178   0.36327095
  0.04923793   0.59356864
  0.92614042  -0.13277382
 -0.24105298  -0.63768998
  0.58058223  -0.45784883
  0.10849929  -0.09056054
 -0.66840908  -0.21473907
 -0.67822773   0.21455434
  0.35659512  -0.30117869
 -0.45078552  -0.55791874
  0.77526140   0.15056175
  0.08887713  -0.78646367
 -0.03398859  -0.32070856
  0.62029254  -0.25353862
 -0.25881422  -0.46236918
 -0.02387510   0.39672429
  0.33975683   0.69126154
  0.34705513  -0.05411794
  0.07186176  -0.63333453
  0.06261138   0.26643612
  0.00098044   0.23379456
  0.37393016   0.50589344
  0.19585028  -0.69267676
 -0.21510686  -0.26302566
  0.28339286   0.35643245
 -0.16078708   0.18715689
 -0.43966756  -0.19482576
  0.84241008   0.14183569
  0.21625279  -0.57626372
 -0.11009748   0.74757489
 -0.23257620   0.63861117
 -0.72988002  -0.12625232
  0.56347596  -0.22344055
  0.51717897   0.55608936
  0.48067452  -0.27590372
  0.10159160  -0.60387772
  0.50906871   0.35788183
 -0.53494340   0.33662786
 -0.24823509  -0.79221436
  0.18604168  -0.28621703
 -0.61222119  -0.15931315
  0.66735718  -0.23224246
  0.05507529   0.41726034
  0.21053847  -0.78681841
  0.08062306  -0.24684778
 -0.41177953  -0.00793286
  0.07041330   0.21099251
  0.15697159   0.14704110
  0.01926045   0.53459251
 -0.21853530  -0.03477176
 -0.53129511   0.50019431
 -0.32311110   0.07766391
  0.02306946  -0.43918424
 -0.00606653  -0.19271735
  0.40860343   0.74964736
 -0.13845758   0.32712001
 -0.10509207   0.83187071
 -0.15055384  -0.39194928
 -0.58950704  -0.48544224
 -0.23426573   0.64639720
  0.34614431   0.04000118
 -0.17513701   0.63438741
  0.35709451  -0.74903999
  0.80864397   0.01315350
 -0.03809591   0.44295073
 -0.23669566   0.02927655
  0.13456999  -0.60333121
 -0.29791879   0.17247850
 -0.00736864  -0.20183873
  0.94548632   0.17374568
  0.18707641   0.49054321
  0.62315727  -0.15817318
 -0.30500079   0.60080895
  0.09113026   0.62881418
  0.11486783  -0.40241623
  0.10657039  -0.09640243
  0.02524432  -0.49911825
  0.06911053  -0.07682926
 -0.44741436   0.52745254
 -0.45432165  -0.56890250
 -0.08992709   0.25320763
  0.43735827  -0.21078354
 -0.02305314   0.02199966
 -0.25954130  -0.60819617
  0.48111878   0.48083055
  0.43814921   0.48759169
  0.65844662   0.28075031
 -0.53404524   0.13343072
 -0.09475011   0.36556900
  0.31226769   0.05631656
  0.39464099  -0.06678136
  0.35919446  -0.05669297
 -0.34845079  -0.37796458
  0.56788577   0.11238156
  0.15582094  -0.63600318
  0.68745032  -0.05491643
  0.11971301   0.42165351
  0.56148404   0.24460991
  0.79531748   0.42151151
  0.34273899  -0.21921092
  0.52480544  -0.29855778
  0.15183867   0.30264078
 -0.61140039  -0.18099029
  0.79527897  -0.51320559
  0.95863444  -0.01539544
  0.24510815  -0.02371113
  0.27114068   0.11563846
 -0.11607624  -0.16436897
  0.64208153   0.03162579
 -0.28035677  -0.52626326
  0.20281624   0.66621168
  0.69807545  -0.45565223
 -0.31340437  -0.03213150
 -0.57846679  -0.14346051
 -0.23241048   0.15163279
 -0.45397386  -0.15400205
  0.82640679   0.08632930
  0.69864998  -0.40166387
 -0.35802299   0.00998807
  0.36988289  -0.11775347
 -0.64011296  -0.20615430
 -0.27034257  -0.77574360
  0.12495865  -0.28938160
  0.37815537  -0.17179318
  0.38003308   0.81436946
  0.30851242  -0.51973379
 -0.11637863  -0.63314970
 -0.19551193  -0.79810992
 -0.43085817   0.53928122
  0.81461894   0.06286950
  0.79775579  -0.03534103
  0.61477079  -0.23104159
  0.33670925  -0.34364727
 -0.66262200   0.28162100
  0.43761866   0.00226917
  0.58689473   0.44547684
 -0.19623998  -0.74835791
  0.11859186  -0.83528889
  0.25418894  -0.43514703
  0.70910960  -0.35029181
  0.71480491   0.12400876
 -0.21819162   0.78738007
  0.39266315  -0.71444904
  0.14897972   0.62498938
  0.86422402  -0.04555339
  0.47877674   0.68352193
  0.34708366  -0.49027704
 -0.56765763   0.22858688
  0.10467169   0.28352228
  0.21800241  -0.49335433
 -0.23184308  -0.79434333
 -0.20696375   0.70832106
 -0.61260053   0.20055211
 -0.34763048  -0.64420382
  0.06781057   0.76726780
  0.38786586   0.39568661
  0.62891474   0.02354120
 -0.46200467   0.17797759
 -0.16483828   0.23539898
  0.16635255  -0.31656479
 -0.43426794  -0.53872246
  0.43048366  -0.21360619
 -0.75893231  -0.09337925
  0.49757233  -0.14825323
 -0.21691635  -0.16005296
  0.36197895  -0.00340988
 -0.49768249  -0.03417246
 -0.41049685   0.11430123
  0.89109711  -0.11574673
  0.31033678   0.40705982
 -0.16067456  -0.68986558
 -0.36311348  -0.03130282
 -0.18567690   0.45864090
 -0.51809124  -0.50960605
  0.00512759  -0.23014993
 -0.44601777  -0.01188067
  0.89444400  -0.18965539
  0.74275486   0.09846612
  0.87014065  -0.20772276
  0.12415712  -0.71250359
 -0.09963371   0.19908166
 -0.33554952  -0.49526347
  0.25208577   0.82932438
 -0.25589438  -0.17032754
  0.86820404   0.05104990
  0.14367939  -0.38173857
 -0.33879096  -0.58307157
 -0.50157365  -0.54909695
 -0.24730418   0.13777265
  0.06146204   0.10185769
 -0.50111350  -0.62910033
 -0.02755334  -0.18221305
 -0.47535876  -0.12398167
  0.15108779  -0.27951425
  0.22665372   0.52735461
 -0.15002579  -0.04807428
 -0.58920962  -0.29630836
 -0.19264359  -0.67100533
 -0.64631867   0.09023689
  0.43532711  -0.45287559
 -0.06504782   0.14661805
 -0.46604887  -0.53751675
 -0.05150947   0.68685813
  0.79069568   0.01343969
  0.17423166  -0.75063774
 -0.15185596  -0.70466719
 -0.13088129   0.29923741
  0.75835122   0.51049789
 -0.31950080   0.24250587
  0.10754529   0.22880193
 -0.09335787   0.78961404
 -0.11972756   0.59229803
 -0.05240247  -0.34339232
  0.67375921  -0.14673628
  0.16883072   0.15500653
 -0.36123132  -0.08622845
 -0.06993962   0.12672662
 -0.32552189  -0.40801906
  0.44622083   0.03648042
 -0.22000019   0.12788884
 -0.65490572   0.04678230
 -0.61226711   0.40427473
 -0.00095340  -0.19630565
 -0.03162575  -0.73726977
 -0.37069750   0.03280599
 -0.72301771  -0.08383181
  0.52967375   0.26256191
 -0.14789530   0.76225158
 -0.17241505   0.53174428
  0.53472731  -0.59288644
 -0.40430038  -0.15377196
 -0.48229720  -0.40070038
 -0.32182000   0.23802563
 -0.22003505  -0.47427333
  0.54435696  -0.44223523
 -0.32314668  -0.35864583
  0.45519419   0.51417439
 -0.05597120   0.05771474
  0.90346678   0.19475628
 -0.63113030  -0.12463637
  0.24558123  -0.32601759
 -0.09138741   0.74482466
 -0.35302347   0.65552656
 -0.62206131   0.26592892
 -0.71921597  -0.01574071
  0.47451792  -0.20292889
 -0.21509535  -0.26364926
  0.01442120  -0.74089821
  0.15266780   0.45220546
 -0.59147533   0.00127139
 -0.04148453  -0.09582372
 -0.32485400   0.49195483
 -0.34270079   0.16228373
 -0.37008422   0.11271258
 -0.35606653  -0.46338880
  0.06483817  -0.36552513
  0.28509554   0.53934743
 -0.19364870  -0.26560215
  0.06589884   0.15137890
  0.02343383   0.74838189
  0.21314594   0.58341163
 -0.56351802  -0.20494772
  0.41194938  -0.62548955
 -0.57697813  -0.17713590
 -0.42402453  -0.55650356
 -0.21560037   0.28693653
 -0.24226604  -0.50720052
 -0.54669858   0.19264036
  0.66295454   0.12757451
 -0.35806656   0.38903255
  0.40714210  -0.02993418
 -0.00698219   0.81579394
 -0.53459616   0.50853974
 -0.45051457   0.40038730
  0.63032563  -0.44204506
  0.62855116   0.38973643
 -0.20845486  -0.27794704
  0.53843366  -0.23067483
 -0.36825943  -0.37304421
  0.79625697   0.11481589
  0.47028065  -0.06221709
  0.15035483   0.53754231
 -0.20622318  -0.74018062
 -0.47477199  -0.45973524
 -0.38884341  -0.35841484
  0.07765335  -0.28749546
  0.05024066   0.02144804
  0.56582792   0.44232875
  0.73705212   0.31658071
 -0.20146224  -0.43703479
  0.31275829  -0.08034853
  0.40401864   0.16646090
  0.87708258  -0.33269829
 -0.53881723   0.26799070
 -0.30515891  -0.35415693
 -0.19933240  -0.06632008
  0.25253716  -0.20120302
  0.43004221   0.23019519
 -0.20810852  -0.50084252
  0.28755319   0.58025809
 -0.60154579  -0.48045972
  0.62688090   0.54894420
 -0.51594756  -0.07767534
  0.02786459  -0.15636141
  0.80987479   0.15775884
  0.58999199  -0.42454553
  0.46388502   0.04135866
  0.77172161  -0.03227944
  0.72264423  -0.10794427
  0.13536867  -0.51916198
 -0.63641359  -0.21963782
  0.44716334   0.19637090
 -0.13011070  -0.18706028
  0.66294846   0.61961276
  0.90245605  -0.31691664
  0.15400737  -0.74813803
  0.07854986   0.62250356
  0.42502143   0.10471697
  0.13900217   0.49591978
 -0.01604193  -0.23250934
 -0.34553796   0.59033022
  0.57052103   0.12182049
 -0.03777195   0.00525081
  0.54594786  -0.62019495
 -0.07730618  -0.01116464
  0.30135231   0.18859001
  0.37016244   0.36794632
  0.06273567  -0.39798114
  0.84351981   0.08370607
  0.11637179  -0.06403323
  0.06150465  -0.30519378
 -0.50839656  -0.35235089
  0.58647885  -0.67856095
 -0.48027460  -0.04580761
 -0.29746274  -0.73999914
 -0.69624801   0.25446666
  0.52725491  -0.29931395
  0.78252833   0.45000378
 -0.47090476   0.58185165
 -0.47804307   0.36042159
  0.43764815   0.27217641
 -0.02074282  -0.05226932
 -0.09126286   0.17885236
  0.77357869  -0.39667485
 -0.61357635  -0.06425870
 -0.43015435   0.45499620
 -0.30190135  -0.32974437
  0.89906201   0.32696373
  0.35421431   0.20125853
  0.37155243  -0.03554337
 -0.46218530   0.07382812
 -0.23353152  -0.24787957
  0.53036227   0.67200438
  0.23394372  -0.14467411
 -0.00784640   0.28875794
  0.52057163   0.62986912
  0.82678146   0.07354326
 -0.06523104  -0.76807780
 -0.04792543   0.34517381
 -0.15864061  -0.40125953
  0.04490525  -0.03989511
  0.25192577  -0.37642801
  0.50052926   0.37941051
  0.34188636  -0.38265028
  0.11871223   0.06765730
  0.61430316   0.32563668
 -0.72193434   0.21195422
  0.18338718  -0.40656507
  0.26336254   0.55481565
 -0.63261832   0.13947936
 -0.10983338  -0.06091741
  0.08675763   0.07480771
 -0.39356509  -0.29083373
  0.02996901  -0.80073069
  0.06180373  -0.38577332
  0.48059550  -0.46861407
 -0.25803294  -0.56497939
  0.48652550   0.38435793
 -0.37934574  -0.47071540
  0.36124721  -0.05739024
 -0.27458769   0.11558456
 -0.11433359  -0.18091233
 -0.54699818  -0.14132368
 -0.02330294   0.63623152
  0.07991752   0.03746284
  0.31916624  -0.77306712
  0.12700494  -0.35529097
  0.43722854   0.08792511
  0.48190725  -0.41953944
 -0.60664223   0.19844029
  0.20900943  -0.09666218
  0.82589780   0.42162244
  0.24764669  -0.08592218
 -0.12254531   0.21339767
 -0.08467013   0.14135616
  0.28427828   0.41992981
  0.90377387  -0.26999051
 -0.10678702   0.56303509
  0.23588573   0.56987769
 -0.27896632  -0.17177916
  0.28138763   0.35486025
  0.13581968  -0.12771297
 -0.19298574  -0.73911578
  0.18538695  -0.16735799
  0.00339395  -0.37586853
  0.39952935   0.69032123
  0.44407868  -0.33867786
  0.74957576   0.07449260
  0.49338557   0.30477185
  0.55385217  -0.65801531
  0.14751354   0.71032765
 -0.62688448  -0.46125640
  0.63567006   0.44806228
  0.75453956   0.35803044
  0.33544355  -0.05065373
 -0.75128028   0.02216533
  0.13790968   0.72848511
 -0.48262698  -0.61217383
 -0.12665747  -0.55360199
 -0.60932393  -0.31592574
 -0.23885572   0.11383160
  0.46567694  -0.33852174
 -0.43377171  -0.64508363
 -0.51296120  -0.41548628
 -0.44630980   0.48711633
 -0.31951765   0.52097854
  0.23243993   0.62681701
 -0.44360092  -0.12781755
  0.08300973   0.03608146
  0.80280392   0.25610884
 -0.02164770  -0.65074093
 -0.20461838   0.24271122
  0.63940731  -0.41358754
 -0.27498003   0.48882937
  0.83733049  -0.43544173
  0.08300674   0.08942908
  0.84778816   0.28748096
  0.37394742  -0.02994650
 -0.32271122   0.52730598
  0.89092261   0.04220517
  0.50229427  -0.28456937
 -0.07263015   0.24313051
 -0.13436188   0.46629891
  0.64102410  -0.09117326
  0.82067947   0.25088293
  0.10567363   0.29405931
  0.18635332  -0.12444905
  0.64779290  -0.36476636
  0.30661834   0.08274700
  0.68571424   0.07992489
 -0.69573423   0.07805943
 -0.20181010   0.06483815
  0.78167442   0.37357585
 -0.34218524  -0.42104324
 -0.48223419   0.26616630
  0.06548148  -0.22054562
  0.40453775   0.76053844
  0.81572574   0.23034746
  0.77023925  -0.38259614
 -0.55037858  -0.51132605
  0.28232992   0.61214027
 -0.40705466  -0.19842793
  0.46711741  -0.53017092
  0.54482105   0.42339658
 -0.00989174  -0.71532313
 -0.30012350  -0.28600978
  0.48759080  -0.69756794
  0.03925717   0.35095152
  0.48410344   0.76926135
 -0.09806428   0.09133267
 -0.41291784  -0.07424311
  0.03092154  -0.70861750
  0.32740585   0.30726507
 -0.18032034  -0.24960768
  0.77302099  -0.15630230
  0.76330246  -0.40679400
 -0.01399846  -0.22336884
 -0.15590778  -0.40561944
  0.72681040  -0.02003633
 -0.11135175  -0.27137834
 -0.09164930   0.68850103
  0.31887121   0.16724041
  0.62991852   0.08320811
 -0.39908982  -0.43896547
  0.01432432   0.44125327
  0.30488119  -0.41087578
  0.50918351  -0.04412380
  0.84260400   0.02705930
  0.52395965   0.23360251
  0.37095147  -0.72936734
  0.66665028   0.00647991
  0.12817673   0.49064079
  0.55393224  -0.21796425
  0.61717981   0.53827113
 -0.03648206  -0.43579288
 -0.21569589  -0.29818206
  0.40268050  -0.46110850
 -0.63258862  -0.02343095
 -0.12256188   0.16738065
 -0.44043378  -0.67189886
  0.04230247  -0.17463752
 -0.40164656   0.45668629
 -0.43493243   0.01172716
  0.16267491  -0.15615371
 -0.66621807   0.04099680
  0.25085342  -0.45981762
 -0.33077530   0.32528145
 -0.00579766  -0.21481851
  0.20788876  -0.13884231
 -0.27393885  -0.61118299
 -0.61330602   0.40871710
 -0.44817454   0.45628917
  0.36274245   0.02937297
 -0.09502944  -0.66148048
 -0.55068560  -0.26031937
  0.69288186   0.13878966
  0.81260853   0.15178257
 -0.03937991  -0.07476829
  0.18293897  -0.31027182
  0.10485006   0.67321370
 -0.69732351  -0.27467667
  0.41823191   0.01556544
  0.38765771   0.50958033
 -0.00495536  -0.35234071
  0.14453559   0.28546418
 -0.15031778  -0.54093602
 -0.67587886   0.20806012
  0.45261800  -0.62551969
  0.20762260   0.57035941
 -0.13355070  -0.17892782
  0.02558499   0.17329000
 -0.57655987  -0.23180145
  0.56740293  -0.25006990
 -0.26529350  -0.22678428
 -0.46250408  -0.58039288
  0.30553436   0.03284779
 -0.40792653  -0.08325198
  0.70501883  -0.53806204
  0.74094521   0.16034048
 -0.35030228   0.01966303
 -0.07983282   0.55218313
  0.79022433   0.30301223
 -0.04998758   0.22768975
  0.64782466  -0.03666693
  0.70123503  -0.21245667
 -0.43750348  -0.10934777
  0.64919810   0.53236689
  0.21085957  -0.58945266
 -0.45566216  -0.13442669
 -0.65573892   0.01028841
 -0.31708751  -0.50069931
  0.01787468   0.38459687
 -0.05937667  -0.12369822
  0.21327929  -0.11850740
  0.70959921  -0.17214869
  0.15849932  -0.72155175
  0.54794918  -0.26926425
  0.40256696  -0.75926084
  0.05675134  -0.67725191
  0.37631797   0.38070754
  0.40016730   0.73575906
 -0.00237695  -0.68743794
  0.64449237   0.13117259
 -0.08560517  -0.79572166
 -0.05211374  -0.80022454
 -0.48168065  -0.02482799
 -0.01288585   0.33941047
  0.89149383  -0.02228594
 -0.08724396   0.38704597
  0.85679655  -0.32128475
 -0.17209689   0.63243012
 -0.72846768   0.12756547
 -0.09635185   0.10673570
  0.65560637  -0.56416628
 -0.00749734  -0.83016071
  0.22497616  -0.69481641
 -0.41720872   0.28194610
 -0.16757621  -0.25968666
  0.78957721  -0.41373521
  0.02261294  -0.26772020
 -0.33458198   0.72947153
 -0.61183493  -0.13706480
  0.40158543  -0.75623298
  0.19228057   0.56767731
 -0.76130356  -0.10470361
  0.13066658   0.71576697
 -0.08219013   0.20354865
  0.67452327   0.56724684
 -0.01436227   0.19577584
 -0.60532952   0.43990669
  0.15985343   0.14720712
 -0.13152315   0.21300847
 -0.20557516   0.77276527
  0.57695134  -0.70691341
 -0.06613790  -0.13670572
  0.37983106   0.40781116
 -0.56033496   0.33398569
  0.73620649  -0.35173364
  0.36021540  -0.26905530
 -0.05743344  -0.37486431
  0.15968941   0.77434458
  0.71296226  -0.37096661
  0.40987959   0.55278590
 -0.34798800   0.19642450
 -0.07713670   0.14090624
 -0.41279100   0.14422645
  0.04990878  -0.34410757
 -0.27390196  -0.76307823
 -0.60551507   0.38353809
  0.28637872  -0.19043695
  0.20881531  -0.23860121
 -0.11745855  -0.07553768
  0.30562076  -0.58129519
  0.72204783  -0.37035319
  0.46872160   0.57075920
 -0.41890945   0.47394563
 -0.61865716  -0.04050346
  0.57048246   0.07199915
  0.80441560  -0.30284529
  0.71973883   0.12721896
  0.24967352  -0.23005738
  0.21625042   0.84727235
  0.50807646   0.43676724
 -0.00393085  -0.43035804
 -0.36439775   0.69174723
  0.51461634   0.29911928
  0.39228929  -0.25091887
 -0.23437722   0.48092663
 -0.21066514   0.73188476
 -0.67250402   0.10560191
  0.40544144  -0.61977693
  0.18628755  -0.75323759
  0.45839135   0.05009318
  0.48633488   0.08502910
  0.10316221   0.57116706
  0.11243298   0.17714954
 -0.06318359   0.66035849
 -0.07974995  -0.36682931
  0.24844283   0.66287947
 -0.67420730   0.02812514
 -0.30444220   0.38354709
  0.05883450  -0.85301009
  0.53304447  -0.45828654
 -0.06780384   0.73011696
  0.48096768  -0.60089956
 -0.32824661   0.57644140
  0.66749337   0.30789615
 -0.28955691  -0.04215513
 -0.18728566  -0.51646582
  0.03802848   0.35639017
 -0.00305703  -0.15280060
 -0.11262795  -0.11401241
  0.48933286   0.00332407
  0.33467751   0.16874329
  0.84593707   0.02411539
 -0.11486679  -0.26477990
 -0.23519012  -0.54953285
 -0.37243799   0.24933404
 -0.05273152   0.82469688
  0.08162300   0.58811919
  0.05883001  -0.18722694
 -0.46785933  -0.26666378
 -0.38839662  -0.27118399
 -0.05206864  -0.19685635
  0.62824480  -0.01047966
  0.25054307  -0.43635981
  0.75489054   0.56057475
  0.60901992   0.17115623
  0.50115694   0.27819017
  0.57259878   0.28176954
 -0.58129975   0.17113503
 -0.47983128   0.62607543
 -0.00722478   0.76041902
  0.41897006  -0.36082426
  0.15821034   0.59688860
 -0.37831529  -0.66266084
 -0.18112952  -0.34365795
  0.17744262   0.63660156
 -0.53480548   0.33772595
  0.38296858   0.61233355
 -0.00626449  -0.33771585
 -0.30543596  -0.43632699
  0.01522603   0.21464543
  0.28271099  -0.33830640
 -0.32064220  -0.59822396
  0.59378588   0.63437391
  0.09183284  -0.29493268
  0.19713243  -0.54141061
  0.13317894  -0.71271457
  0.07422192  -0.54510061
  0.03620201   0.46912474
 -0.21398956   0.73047311
 -0.40310394   0.26598210
  0.17045689   0.77088128
  0.67674541  -0.33209353
  0.19119908  -0.48607084
 -0.13110624  -0.56966078
  0.13170367  -0.54182682
 -0.53324668  -0.08691627
 -0.17292286   0.51678229
  0.15885499  -0.28438338
  0.58332839   0.01855550
 -0.70154434   0.22995866
  0.65076773  -0.31700927
 -0.38465921  -0.48183923
 -0.15293669  -0.18606790
 -0.09399357  -0.41437063
 -0.48485699   0.56872230
  0.63742220  -0.42119683
  0.36998262   0.18488380
  0.09743041   0.40561929
  0.45381678  -0.36096113
  0.51025643   0.69861559
  0.02873841  -0.48078515
  0.48677014   0.33128754
 -0.72986484   0.10520445
  0.24652976  -0.38263383
  0.58850667  -0.28514746
 -0.55816055   0.08716777
 -0.32479358  -0.11851767
  0.94598470  -0.16424817
 -0.45124924  -0.05445034
  0.20608419   0.56931761
  0.23003511  -0.56212889
 -0.46784075   0.24365943
 -0.51516565   0.53346244
  0.49921675  -0.18343716
 -0.57038330  -0.05441185
  0.31825746  -0.55614298
  0.35700373  -0.08941976
 -0.16836696   0.49969309
 -0.64456419  -0.37936293
 -0.47009835  -0.65419120
 -0.63684519   0.42227714
 -0.04693286   0.73188812
  0.08669806   0.83559648
  0.06927403   0.65870265
  0.12725551  -0.08549008
  0.51594802  -0.66602347
 -0.04192161   0.44448887
  0.45296375   0.26456496
 -0.01461874  -0.53455697
  0.28267688  -0.36285060
  0.56666958  -0.60034249
 -0.58228294   0.39119578
  0.64662786   0.41288658
 -0.09369249   0.36792587
 -0.42711336   0.58975067
 -0.27519409   0.51218152
  0.42819325  -0.03020015
 -0.18237981  -0.46937141
 -0.16134440   0.29504488
 -0.23079112  -0.02794120
 -0.16751243   0.70963538
 -0.14842338  -0.04901798
  0.94431614   0.02359289
 -0.27179975  -0.05496495
 -0.36761331   0.37366523
 -0.53017324   0.03794610
  0.37200492  -0.56287170
  0.08184409   0.26567765
  0.40826013  -0.73541360
  0.69549821   0.12859881
  0.63276784  -0.18040729
 -0.10474289  -0.73430167
  0.13792467  -0.32202090
  0.58589638   0.06861705
 -0.54154527  -0.30579858
  0.43496582  -0.53930900
  0.00792269  -0.63305768
 -0.18527530   0.31988246
  0.51747084  -0.15871968
 -0.70800425   0.00196040
  0.56892250   0.29694225
  0.09655823  -0.82795440
 -0.11847302  -0.16851566
  0.37166195   0.23336050
  0.09234707  -0.01972361
 -0.11930827   0.12317719
  0.45825602   0.52330097
 -0.29768089   0.18547704
  0.92326935  -0.09081270
 -0.42946720   0.05373230
 -0.71960169  -0.23644331
  0.67132565   0.54516373
 -0.14550912  -0.42797508
 -0.05159596   0.19955958
  0.59301633   0.32892975
  0.36850453  -0.20035797
  0.38530923  -0.60003639
 -0.22330308   0.43967039
 -0.39467585  -0.04183587
  0.33734980   0.37755932
 -0.04852039  -0.60987392
 -0.52955736   0.28904935
  0.29043271   0.71222522
  0.14236388   0.33395393
  0.84466413   0.38181542
 -0.28597763   0.28970156
  0.36807234   0.20771773
  0.03133196  -0.19885928
 -0.20718537  -0.37558920
  0.39469597   0.30573434
  0.15681435   0.72842531
 -0.15399886   0.45923121
  0.83304214   0.26626760
 -0.22707560  -0.32065197
 -0.41473414   0.61201238
  0.17629407  -0.59794191
 -0.62657437  -0.05003734
  0.16889274  -0.69848643
 -0.32751488  -0.11473747
 -0.01632750  -0.48783147
  0.10100688  -0.50370015
  0.30738707  -0.70522119
  0.18956794  -0.16046503
  0.68432208   0.61420904
  0.14372699  -0.22326037
 -0.15167791  -0.21591032
  0.36347974  -0.33090954
 -0.47416148   0.33823859
  0.55381720   0.11975799
 -0.62720799  -0.34234222
  0.46575157   0.06750077
 -0.36473124  -0.01828258
 -0.46661810   0.57852076
 -0.36444392   0.52902217
 -0.05032749   0.22777269
 -0.50853344  -0.29180332
  0.49618096   0.10996273
 -0.39461953  -0.01770530
  0.03967770   0.39687433
  0.51002851  -0.19879156
  0.34729825  -0.12147565
 -0.47567826   0.29175250
  0.02552341   0.75205854
  0.20856206   0.48793355
  0.03127748  -0.25777027
  0.58098355   0.23266559
 -0.17900926  -0.16324404
 -0.59812213   0.06697396
 -0.45551466   0.37031532
  0.12464021   0.16318688
  0.10276640  -0.10924608
  0.24748001   0.73649353
  0.26288960   0.11459402
  0.59233439  -0.16174001
  0.07190422  -0.65566016
 -0.50386408   0.03439921
 -0.49772143  -0.36304431
 -0.31578805   0.24167668
 -0.42121701   0.00689214
  0.74509514  -0.00058395
 -0.44398858  -0.39484654
  0.53280080   0.66063704
  0.14820356  -0.03989292
 -0.23424812   0.72826402
 -0.13464436  -0.26564682
 -0.38002659  -0.29560389
 -0.00633353   0.83640638
  0.67108998   0.51641104
  0.11291039   0.24951222
  0.51589478  -0.71556719
 -0.10121919   0.28346636
  0.86787056  -0.00097425
  0.11628836   0.47933433
 -0.71969203  -0.06086614
 -0.13213503  -0.38317488
  0.49261033  -0.02945476
 -0.55387744   0.58034037
  0.89742348   0.29550186
  0.03478239  -0.30872198
  0.92631163  -0.18462411
  0.83784980   0.15388587
 -0.45188501  -0.01191426
 -0.12630495  -0.07930903
  0.02512204   0.79921677
  0.36324029   0.37686461
 -0.24355015  -0.03194603
  0.63018609   0.62451160
  0.45512039   0.33251877
 -0.10801347   0.38831859
 -0.11950721  -0.20430510
  0.51400354   0.74978445
  0.10718054   0.64807642
  0.79174565  -0.28788305
  0.48000535   0.30919858
 -0.65560990   0.24584062
 -0.25808884  -0.24166269
  0.79201178  -0.28146178
  0.25455152  -0.64694387
 -0.43965169   0.25886399
  0.10028439  -0.55476616
  0.75209753   0.24897299
 -0.13100389   0.61865157
  0.27015435  -0.52391022
  0.06208677  -0.77451391
  0.11009232   0.65000679
 -0.12134004   0.44246352
 -0.49777953   0.60255013
 -0.45904299   0.13897691
 -0.64718748  -0.13119902
  0.29088644   0.02717445
  0.30003738   0.03433808
  0.10166475  -0.39669216
  0.01889629  -0.64155208
 -0.56213819   0.03226118
  0.01712769   0.12691865
  0.16044544  -0.19551983
  0.70936701   0.54763992
  0.57904067   0.51984512
 -0.37876650   0.54926094
  0.71158671   0.37873742
  0.23233797  -0.81017159
 -0.25875827   0.04936510
 -0.28449581  -0.39526660
 -0.70301053   0.18413549
  0.16602977  -0.20106504
  0.80376875  -0.16302190
 -0.18483722   0.71271896
  0.18219911  -0.39182850
 -0.09186669  -0.18279940
  0.57035265  -0.51560329
 -0.01405418  -0.14837657
 -0.56919923  -0.30698354
 -0.46382352  -0.05895890
  0.27519084   0.77153397
 -0.14312080   0.44774518
  0.25236380   0.35384536
 -0.31007650   0.58182673
  0.08417654  -0.38773845
 -0.46949325   0.37999446
  0.71901659  -0.31489177
  0.47383992   0.42108476
  0.59878788  -0.15340711
 -0.25557688  -0.43248451
 -0.27271849  -0.42242483
  0.06336116   0.34442440
  0.10221332  -0.03233000
  0.38428241  -0.19487061
  0.08638414   0.51081907
  0.61432331   0.00752078
 -0.33976911  -0.27750793
  0.25796008   0.43507512
 -0.41801582   0.56604556
 -0.51971804   0.03590114
 -0.37299351  -0.12570014
 -0.18061011   0.01656171
 -0.28463878  -0.43705974
  0.22992838   0.46062426
 -0.30468043   0.39687563
 -0.25629036   0.53023417
 -0.34100284  -0.52537752
  0.27019508   0.02926583
  0.29404420   0.04808280
 -0.13005214   0.38177240
 -0.51293743  -0.32605699
  0.26203025  -0.71324846
 -0.45926750   0.14081389
  0.15851803   0.52870780
 -0.60504121   0.17660685
  0.49203915  -0.35789359
 -0.44503526  -0.07044274
 -0.72108588  -0.07429861
  0.73014591   0.49520935
  0.82882733   0.05124571
  0.89774894   0.17258192
 -0.09557507  -0.41563764
 -0.41715391   0.17922787
  0.01094900   0.74065606
 -0.31005388  -0.21948683
 -0.37726414   0.48460046
 -0.02828824   0.66145794
  0.54645075   0.67258978
 -0.23576858  -0.76319338
  0.42316787   0.60199941
  0.21800185  -0.28681875
  0.42725105  -0.36306251
 -0.02141732  -0.31892655
 -0.54966471  -0.19114264
  0.61618212   0.00174396
  0.41204396  -0.64945525
  0.29008684   0.71719846
  0.78847490   0.32522618
  0.89366971   0.05088574
  0.11217524  -0.63672054
 -0.43738057  -0.19228917
  0.13097239  -0.51580140
 -0.04369076  -0.53348144
 -0.13893757  -0.24218690
  0.01183267  -0.57820653
 -0.34877681   0.17715866
 -0.14781282   0.21821581
  0.03898113  -0.52188158
  0.44857895  -0.18336976
  0.55516708  -0.34727090
 -0.26027247   0.53744345
  0.22489990   0.06155412
 -0.43969085   0.26741881
 -0.10239822   0.74024145
 -0.67576747  -0.40397753
  0.52670252   0.65779416
 -0.62458872  -0.32985233
 -0.31903473   0.75585097
 -0.03952074   0.79390809
 -0.48411161  -0.47216675
 -0.05630050   0.19761073
  0.15981979   0.41262600
  0.58459764   0.70588685
 -0.42759291   0.32501178
  0.49910208  -0.39821152
  0.20854025  -0.50111936
  0.15442632  -0.62416834
  0.87202910   0.02023860
  0.17055096  -0.57836058
 -0.08533692   0.29701211
 -0.04855397  -0.45198166
  0.18326374  -0.46322203
 -0.12068111  -0.68415116
 -0.16182975  -0.19878920
 -0.39204887  -0.27265982
  0.58178284  -0.20545477
 -0.39347659   0.33847124
 -0.01329124  -0.17150086
  0.89177311  -0.20630872
  0.12630600  -0.04459624
  0.79553387   0.49103792
  0.41367810  -0.52805243
 -0.12591728  -0.25561188
 -0.75606871  -0.11613975
  0.36928489   0.41098744
  0.28838472   0.08844852
 -0.21127916  -0.41180136
  0.38320241   0.29327265
 -0.53342501  -0.30153147
 -0.17325330   0.53687485
  0.20623247   0.68115210
  0.37073731  -0.52680217
 -0.35249664   0.55497839
  0.49727733   0.57425736
 -0.04054804  -0.60918884
  0.91464146  -0.03343543
 -0.52161139   0.04591562
  0.58887188   0.16178412
  0.58770245   0.62979791
  0.76775011   0.19121906
 -0.38833279   0.09002377
 -0.42580006   0.18995902
  0.57869201   0.41833397
  0.43739371   0.44640488
  0.26725943  -0.68930475
 -0.22991417   0.08927219
  0.19085413   0.26364189
  0.36470396  -0.42782060
 -0.04405205  -0.26971850
 -0.30224462  -0.11871542
  0.28607011  -0.17711120
 -0.55588857   0.28594660
  0.10639729   0.39134477
 -0.51395418   0.14045935
 -0.60783642  -0.01326752
  0.16336384  -0.62289473
  0.31149644  -0.47556199
  0.13218689  -0.04293017
 -0.34411682   0.61146970
 -0.51712105   0.27724503
  0.60713595   0.53497260
 -0.08545158  -0.26970741
 -0.01848489  -0.27504159
 -0.20874428   0.31996632
  0.24145664  -0.01433034
 -0.16663534  -0.22324707
 -0.04591727  -0.16952545
 -0.27683996   0.21672805
  0.56626779   0.25021617
  0.16999570   0.42198937
  0.43786118   0.71256234
 -0.63982792   0.22471518
  0.46254075  -0.65482881
 -0.74191561  -0.12512538
 -0.22085836  -0.66696637
  0.22836299   0.85399314
 -0.01336986   0.37476838
  0.18148639  -0.75282470
 -0.04519696   0.44684468
  0.12036218  -0.25105649
 -0.11620559   0.14247613
 -0.52836354   0.34369917
  0.51975983   0.21559148
  0.19003953  -0.73869392
 -0.43718746  -0.03529275
 -0.40175324  -0.33077698
  0.77354332  -0.40523986
  0.18058903  -0.31713635
  0.39142224   0.71189750
 -0.15476693   0.16691771
 -0.44852565  -0.28980025
 -0.40273423   0.37210298
  0.49752254   0.70843840
  0.03348556   0.00162681
 -0.06893420   0.23753077
 -0.01590557   0.43078662
 -0.62312206   0.17669258
  0.15893478  -0.47296188
  0.68631656  -0.18103531
  0.29677724   0.06163226
  0.30050705   0.52302748
  0.07508734   0.31125908
 -0.54934580  -0.07655053
  0.37157153   0.67005211
 -0.18318572   0.81227124
  0.45265976  -0.46214345
  0.77989210   0.10761101
  0.89673974  -0.22916723
 -0.54821915  -0.32894115
 -0.33907416   0.37032956
 -0.58549945   0.51450437
 -0.44343368  -0.36845481
 -0.28997908  -0.00410470
 -0.63489076  -0.21070500
 -0.32951451  -0.58833313
 -0.36776136  -0.69466342
 -0.00632108  -0.67550374
 -0.39440466   0.24034915
  0.28156089  -0.03037983
 -0.40550500  -0.18396335
 -0.70466396   0.31863361
  0.52674884   0.13556679
  0.77592812  -0.07627164
 -0.64386332  -0.23441204
  0.39271085  -0.22231482
  0.32836531  -0.32100460
  0.95277135   0.01646061
 -0.02608396  -0.27873602
  0.35971097   0.63472630
  0.25933922   0.62844979
  0.31786795   0.81736595
 -0.01783626   0.33553014
  0.18059750  -0.40556165
  0.32839010   0.41650377
  0.11082031   0.50661682
  0.09942634  -0.23051758
 -0.06239551  -0.26307214
  0.33279325  -0.13189283
 -0.00086243  -0.18380772
  0.23754013  -0.75068860
 -0.09771091  -0.49807867
  0.01505160  -0.39753122
  0.13321575  -0.70146091
 -0.26586878   0.72755186
  0.08165920   0.14436881
  0.29540684   0.59927572
 -0.16816282   0.03068858
 -0.56138178  -0.05242254
  0.14741746   0.47399191
  0.46095129  -0.16628027
 -0.39423382   0.49304777
  0.09608297  -0.63138561
  0.06810626   0.83631004
  0.71700082   0.38578873
  0.08442131  -0.21703694
  0.04552676  -0.84191973
  0.32792877   0.58779011
  0.34716481  -0.16003746
  0.27504172   0.03014654
  0.68999961   0.21926805
 -0.31554146   0.09673180
  0.82562280   0.13814002
 -0.21651564  -0.64096269
 -0.21251302   0.08282388
 -0.33448790  -0.15396216
 -0.00244196   0.01437198
 -0.33495645  -0.01632478
  0.79451840  -0.05788983
  0.13556279   0.61091211
 -0.04106241  -0.14746760
  0.53259270  -0.35337144
 -0.05433457   0.08700786
 -0.21999070   0.40597450
 -0.13864655   0.11086202
 -0.61712227  -0.14704914
  0.90634084  -0.10924423
 -0.23091226   0.12890307
  0.02176045   0.48582539
  0.02122908   0.54045544
  0.27196478  -0.78912909
 -0.28634362   0.76419312
  0.21268665   0.55903352
  0.47561040  -0.39034328
 -0.26810994  -0.27654148
  0.36690748  -0.61483514
 -0.19887092   0.49141390
  0.27861197   0.35988185
  0.02896093   0.01406861
 -0.60585278   0.19981528
  0.33047576  -0.31795994
  0.13743162  -0.49905982
  0.08129959   0.61635700
 -0.16194931   0.50505422
 -0.00613818   0.74750177
 -0.56993531  -0.17607697
  0.33070893  -0.05277378
 -0.30077801  -0.48213001
  0.68024544   0.60798643
 -0.33841534  -0.50370237
  0.04784087   0.57902771
  0.44742749  -0.15642663
  0.22737570  -0.25318769
  0.77076653   0.42830257
  0.00561200   0.07014302
  0.87999266   0.36661505
 -0.26921490   0.58915442
 -0.41892585   0.54890266
  0.19769370  -0.44232977
 -0.61534138  -0.39968906
  0.55079942  -0.38825352
  0.39671113   0.79184781
 -0.65763715   0.27255749
 -0.07578882   0.27838313
  0.45036658  -0.71475233
 -0.07789735  -0.13528872
  0.73762248  -0.29947066
  0.80189381  -0.36842414
 -0.54061221  -0.44187537
  0.83655050  -0.12076330
 -0.16846945   0.02126619
  0.36000996  -0.34203269
 -0.36513995  -0.39542739
  0.82389986   0.02697644
  0.49557803  -0.63455280
  0.16985861   0.81690566
 -0.59218557  -0.28353068
  0.55690486   0.17180523
 -0.00063293   0.84647517
  0.20596351  -0.81624182
 -0.45729652   0.62614963
  0.04723261   0.12243354
  0.63037200  -0.54842753
  0.60828993  -0.49321830
 -0.10408472  -0.00233483
  0.03099723  -0.01887792
  0.58765975  -0.21259084
  0.39119990   0.17832388
  0.55289248   0.35717103
  0.49099935   0.35195082
 -0.15034975  -0.10805971
 -0.22028623  -0.76811622
 -0.13684151   0.27263280
 -0.04812173  -0.01771968
  0.22023522  -0.14508758
  0.60819242   0.70129610
 -0.00245690  -0.48762694
 -0.72612060   0.12805018
 -0.12064663   0.16516059
 -0.07055069   0.04641679
  0.06819452   0.15442518
  0.29323483   0.79400836
 -0.14936962   0.30453949
  0.25834555   0.43279130
  0.26502955   0.14441493
  0.17122074  -0.46526751
  0.31389615   0.38572148
  0.32440497   0.58038840
  0.55665247   0.22725235
  0.84023120  -0.14604349
 -0.04199377  -0.47223223
 -0.32986535   0.17730299
 -0.09817528   0.58233943
  0.38267502   0.79481147
  0.63572167  -0.03831531
 -0.16265579  -0.65185064
  0.23485449  -0.39646112
 -0.18952029  -0.57433647
 -0.44458480   0.02159421
 -0.30754981  -0.26740561
 -0.43462409   0.29326213
  0.08609687  -0.34984572
  0.05640855  -0.85619674
 -0.28649615   0.61721815
  0.54070047   0.10344082
  0.04654631   0.62308880
 -0.27415309   0.01287133
  0.70530258   0.38953903
  0.68958906   0.14207752
 -0.16749795  -0.21461473
 -0.35348530   0.14841517
  0.83534508   0.08860870
  0.37186512  -0.22462240
  0.69966919   0.03007767
  0.30678509  -0.50543572
  0.18952359   0.44529715
  0.35913753  -0.64991303
 -0.09319600   0.70875071
  0.35160232  -0.59087896
  0.06077417   0.47524543
  0.81264572   0.27130009
  0.85117110   0.01759418
 -0.37508635  -0.26891067
  0.69457187   0.05554569
 -0.08253003  -0.48976234
  0.34057610  -0.57712888
  0.59777387  -0.61608830
 -0.23984517  -0.57646958
  0.63005615   0.33705764
 -0.61110695  -0.18525928
  0.55477536   0.39150749
  0.08470212   0.21767710
  0.56734262   0.71716186
 -0.56056923  -0.27513928
  0.12364318  -0.31377268
  0.14760291   0.07656547
  0.28782659  -0.01753089
  0.30475872   0.80085874
 -0.62020800   0.46904182
  0.49751547  -0.32072953
  0.06520230   0.01379814
  0.52143020   0.34340205
  0.59202091  -0.29694199
  0.11756998   0.45080984
 -0.32859148   0.65243941
 -0.44865923  -0.42008075
 -0.32861976   0.12707658
  0.04722074   0.28793265
  0.36243077   0.75668970
 -0.50656280   0.17423330
  0.64331177  -0.03141097
  0.38233146  -0.11842763
  0.42710130   0.08886219
 -0.34112257   0.42913728
  0.81518999  -0.22583745
  0.87604184  -0.36821753
  0.16309808  -0.54839747
  0.07541399   0.17336259
  0.23548163  -0.12130283
 -0.31516036   0.29308479
  0.36163964   0.14045865
  0.40579484   0.34793086
  0.26007184  -0.41714097
  0.48145972   0.10584873
 -0.66478561   0.39740280
 -0.18027909  -0.52105593
 -0.29215595  -0.36109554
 -0.32796515  -0.12993386
 -0.59715604  -0.26756880
  0.41012951   0.03258532
 -0.52363923  -0.43937842
  0.40225121   0.16952648
  0.35635223   0.31640784
  0.13615718   0.31553040
 -0.50429484  -0.43235745
  0.62825065  -0.40323574
  0.46738002   0.10167725
  0.21250318   0.83343681
  0.68814336  -0.21490122
 -0.21234647  -0.48198874
  0.79211677   0.48115219
  0.16283627  -0.45759327
 -0.41357600  -0.05780319
  0.36833744  -0.46610479
 -0.09734965  -0.44817457
  0.80788542  -0.07313898
 -0.19849040   0.00247340
  0.04433058  -0.57519708
  0.34113624  -0.46342815
 -0.28882691   0.07427731
  0.21282818   0.05864863
 -0.62086618  -0.11026096
  0.83667895  -0.12967612
 -0.38762704  -0.37887461
 -0.15752824  -0.40532187
 -0.07463366   0.72636840
  0.38784269  -0.34210223
  0.27731000   0.70505226
 -0.32345409   0.22417750
  0.73907723   0.11099553
  0.53039236   0.56815244
 -0.10172073   0.67054190
 -0.43751318   0.34312354
  0.10861515  -0.75568768
  0.38787312   0.73894071
 -0.20788564  -0.71140483
 -0.31968454  -0.43706080
 -0.26190499   0.46873643
  0.68741911  -0.38145971
 -0.01070481   0.82992938
 -0.56408116  -0.24154264
 -0.37898186  -0.31992904
 -0.29446195   0.63274620
  0.02837501   0.52093497
  0.58544742  -0.29694874
 -0.52777469   0.52555114
  0.39078646  -0.12254447
 -0.06352756  -0.01171013
  0.22705250   0.34113364
 -0.09626545   0.07673746
  0.48756499   0.75022402
  0.30825185   0.66636344
  0.22961790  -0.43884851
  0.48009733  -0.66210089
 -0.52698893   0.41296980
 -0.28024595  -0.48595227
 -0.26558676  -0.78189466
  0.42846715   0.42593843
 -0.40673291   0.50247098
  0.13823051  -0.03291710
  0.14848606  -0.59368095
  0.44929601  -0.33201911
 -0.10410470   0.19330062
 -0.47729355   0.15652547
 -0.20651902  -0.70521409
 -0.36122843   0.72373716
  0.29012708   0.66083594
  0.56795661   0.42675116
  0.63167579  -0.50458485
  0.45013717   0.06170190
  0.54090007  -0.28069201
 -0.14099670  -0.02255584
 -0.20134446   0.40805475
 -0.33041493  -0.22921404
 -0.44058153   0.51922220
 -0.22162371   0.04948329
  0.36135851  -0.68942308
 -0.36569702  -0.61193317
  0.61578048  -0.61439263
  0.23272307  -0.26403087
 -0.03811980   0.14552479
  0.47732312   0.29094261
 -0.03047991   0.74612040
  0.25653501  -0.19318081
 -0.05131914   0.04172943
 -0.07881414  -0.47965885
  0.49893800   0.51088536
  0.84438160  -0.37332155
 -0.30106665   0.51369284
 -0.73928764   0.07675706
 -0.67398361  -0.07174074
  0.37965792  -0.00240209
  0.57419813   0.31811239
 -0.10911845  -0.35529446
 -0.14717624   0.60958931
 -0.24172500   0.29936936
  0.08195472   0.08101776
  0.69355412   0.24271087
  0.63147335  -0.53615806
  0.42400373   0.68798655
  0.81152358  -0.31749064
 -0.60315555  -0.52071129
  0.36725202   0.06923958
  0.24403049  -0.53566840
  0.59129322   0.02224735
  0.26516957  -0.83074288
 -0.44682053   0.12031239
 -0.62561610   0.30910025
 -0.02525551   0.14573874
  0.32617135   0.29057091
 -0.17728338  -0.74283215
  0.14124308   0.00171820
  0.76188852   0.53180595
  0.37335522   0.43712465
  0.13370084  -0.10920191
  0.81499250  -0.15571161
  0.40930386  -0.77985536
 -0.54407887  -0.18223222
  0.56341409   0.38657086
 -0.24193240  -0.54079336
 -0.33409925   0.23574871
  0.52732216  -0.23235458
 -0.39111437   0.28002639
 -0.51899943  -0.53242422
 -0.45529754   0.31892429
 -0.20432832  -0.59041602
  0.16954456   0.30910055
  0.78838733   0.04650071
  0.58170889   0.30186791
  0.53143515  -0.66294432
  0.82908927   0.31297505
 -0.21421199  -0.17460085
  0.79820121  -0.15918871
  0.05011676  -0.11176704
 -0.00904167  -0.29832688
 -0.13515712   0.54875826
  0.07813380  -0.33228325
 -0.25154271   0.56121034
  0.07543699   0.80988494
  0.39827617   0.29763134
  0.45731807   0.20612694
  0.61316302   0.56289903
 -0.57713761  -0.01766014
 -0.76047238   0.10931472
  0.46639951   0.22513132
 -0.38167336  -0.16203362
  0.51348241   0.56321577
  0.47122221  -0.22360524
  0.54138037   0.54585870
  0.22875105  -0.41341770
 -0.21728105   0.25012965
  0.17579894   0.07748828
  0.18023679  -0.12646769
  0.01705740   0.43169442
  0.37451650  -0.62638789
 -0.23507840   0.48011711
  0.45695014   0.75447352
  0.70706751  -0.44064544
 -0.23567304  -0.31884219
 -0.10046748   0.03344254
  0.78484530   0.33006554
  0.05933123  -0.71550809
  0.34954749   0.03836582
  0.12979493   0.41185449
  0.68418336  -0.45853497
  0.34195668  -0.03918521
  0.17631111   0.42472877
  0.34933673   0.78490405
 -0.10342545  -0.60894218
 -0.59750029   0.25608117
 -0.26168082   0.27214968
  0.87231778   0.27747886
  0.23995401   0.34439702
  0.89547748   0.19525591
 -0.51257812  -0.10238816
 -0.25645158  -0.44516924
  0.07074502   0.39231062
 -0.02856192  -0.29728243
  0.08053259   0.39761246
 -0.16926892   0.07013409
  0.80765322  -0.43908610
 -0.09856940   0.62464437
  0.23476784   0.23636021
  0.50739693   0.07288988
  0.40449944   0.02566913
  0.09425463   0.20828356
  0.84824374   0.34897085
 -0.12304837   0.25452682
 -0.15755195   0.15909554
  0.34492629   0.15675478
 -0.60044930  -0.36799989
  0.22510971  -0.52458624
  0.06578722   0.64238908
 -0.46047659   0.57982891
  0.08676694   0.83081911
  0.26234188   0.09196049
  0.63539382  -0.43934049
 -0.34698668  -0.26209403
 -0.05992596  -0.12641573
  0.15602027  -0.64781102
 -0.26298430   0.78029967
  0.38826420   0.60095614
  0.21780383   0.23737757
 -0.49414954   0.36921502
 -0.11688690  -0.73333211
  0.60910892   0.54994419
  0.09418114   0.27559680
  0.17934356   0.59293415
  0.86216713  -0.17013929
  0.03408022  -0.31330756
  0.17859076  -0.45190654
  0.07496635  -0.61810530
 -0.68996957   0.07796699
  0.18423079  -0.77238762
 -0.64140240  -0.16086052
  0.41130530  -0.55295810
 -0.30000920   0.43812449
  0.16682009   0.08486508
  0.57376317  -0.69493316
 -0.49674160  -0.01534513
 -0.14638854  -0.29994510
  0.02457963   0.42692143
 -0.62012788   0.18608994
 -0.19177171  -0.74483734
  0.35996356  -0.11350861
  0.47532564  -0.39136706
 -0.02361576  -0.45282480
 -0.17506568   0.66161427
 -0.53119843   0.18936323
  0.02655168  -0.04069454
  0.49910525  -0.19683142
 -0.51446602  -0.33902568
 -0.34336928   0.44995398
 -0.26823706  -0.09086492
 -0.40253919   0.28238952
  0.12266333   0.51916742
  0.13419757   0.61842224
 -0.52242999   0.18486430
  0.74420657  -0.06065918
  0.41457298  -0.38337748
  0.18343799  -0.64899683
  0.02991911   0.60473770
 -0.40889065   0.01897754
 -0.16379264   0.19639002
  0.44008075   0.20739171
  0.37456090  -0.81013601
 -0.02732533  -0.54464271
 -0.11108690   0.83231384
 -0.72320407   0.22078042
  0.22449258  -0.82967494
  0.10505837  -0.03121210
 -0.04508631  -0.33849147
  0.57075435   0.61882934
  0.19733617   0.30773684
 -0.28390269   0.54138751
  0.06458130  -0.17741244
  0.34534485  -0.12137695
  0.03997718   0.29495384
 -0.28569360  -0.61152226
  0.62378802  -0.57764468
  0.35977907  -0.64121342
  0.34484929  -0.11851812
  0.23767814   0.24685600
  0.26452703   0.34415480
  0.38864524  -0.13650563
  0.82717612   0.01931406
 -0.43960487  -0.11130843
  0.54928336   0.36641542
  0.22557452   0.17171597
  0.59800505  -0.70029755
 -0.65959525  -0.14099520
 -0.29223417   0.44087364
  0.61402685  -0.01946402
  0.77464664   0.42147983
  0.14749047   0.39995841
  0.46765489  -0.32045692
  0.58071963  -0.64192817
  0.53313513  -0.26999464
 -0.39305810  -0.04115490
  0.80624066   0.21761488
 -0.51749028  -0.15195484
 -0.11764445  -0.60384617
  0.69028665  -0.20629977
  0.01676522  -0.38840328
 -0.12156398  -0.67918428
 -0.16007851   0.10392686
 -0.68789850   0.01326648
  0.28800946  -0.70605914
 -0.32187743   0.41739866
 -0.23531605  -0.03385603
  0.14630656   0.68055787
  0.29346922   0.55933145
 -0.12510162   0.83527302
  0.30689918   0.75445932
 -0.63601740   0.39982389
 -0.39456531  -0.40122903
 -0.55431913  -0.26391281
 -0.59750194  -0.48510100
 -0.33447726  -0.32375389
  0.73195200   0.47363844
 -0.50404431  -0.26403275
 -0.60016134   0.52292389
  0.34858212   0.28770327
 -0.41491346  -0.11195531
 -0.30716604  -0.50244864
  0.43797191  -0.08394803
 -0.12097637   0.45124202
 -0.16775660   0.10353439
 -0.20886647  -0.20328236
 -0.56128387   0.12234653
  0.68764307  -0.46808321
  0.15383505  -0.31316417
  0.53517967   0.14120439
 -0.33014179  -0.03193679
  0.32558157   0.50542637
 -0.35576846   0.25366920
  0.12419003   0.64712288
 -0.08322059   0.64468304
  0.32740080   0.75975726
 -0.08176893  -0.38486669
  0.68050358   0.23921198
  0.40834017   0.50478118
 -0.57171907   0.48468287
  0.50115310  -0.64319970
  0.29324765  -0.31588023
  0.34393130  -0.61132465
  0.63591234  -0.06015939
 -0.16945992  -0.35331215
  0.55766657   0.35864834
  0.68601235  -0.31731394
  0.33480211  -0.12755415
  0.13708044  -0.21789376
 -0.65296556  -0.05755883
  0.54479576   0.04653746
  0.02405800  -0.28196034
  0.02347533   0.01827034
  0.42872451  -0.36905468
 -0.07199863  -0.07492933
 -0.04612516  -0.49821420
  0.81043514   0.40798778
  0.74971332  -0.36506825
 -0.09407045   0.73699152
  0.10155251   0.13401004
  0.28069455  -0.13480710
  0.11338173  -0.01156988
  0.08713303  -0.15346439
  0.25111485  -0.59488709
 -0.23675537   0.23176957
  0.48911987   0.54688324
 -0.21752052   0.24679813
  0.44302211   0.68773235
  0.33010293   0.02494694
  0.22742594  -0.52762144
 -0.19790486   0.00303456
 -0.49319024  -0.26913029
 -0.20240549  -0.72794349
 -0.24067964   0.80160666
  0.36352501   0.18405742
  0.50488738  -0.74576437
 -0.46975390  -0.32512411
  0.14500032  -0.23751021
  0.17774577   0.76102410
 -0.17830684  -0.23541095
  0.29593564   0.49775543
 -0.31544139   0.68732856
  0.68498074  -0.35709756
  0.59697350  -0.28572282
 -0.39987746   0.30983202
 -0.04205697  -0.31603470
 -0.33374055   0.75121975
  0.42305266  -0.57866616
  0.03580261   0.28247113
  0.77936829  -0.41014476
  0.57427452   0.35779552
  0.66384707  -0.23078272
  0.42062574   0.54443006
 -0.05891496   0.54478077
 -0.24577020  -0.09630527
 -0.39388337   0.24865533
  0.11042466  -0.49721853
  0.76357665   0.38299957
  0.69458767  -0.27692778
 -0.02195176  -0.36111737
  0.69536613  -0.29765555
  0.29891058   0.75136034
 -0.49122277  -0.31012602
 -0.47606400   0.59096874
  0.42135580  -0.41591671
 -0.11310955   0.50931860
 -0.35883519  -0.53515093
 -0.05895327   0.14031097
  0.55015235   0.08749229
 -0.17908438   0.41996017
  0.67511037  -0.28943430
  0.20295614   0.12279761
 -0.31751125   0.69938474
 -0.22669444   0.53747176
 -0.10096702  -0.23092982
  0.59135600   0.26419723
  0.72788680  -0.23206087
  0.52154805  -0.15157784
  0.17998253  -0.08212798
  0.65645837  -0.58259886
  0.02686603   0.59530761
  0.60559338   0.68353923
 -0.44853982   0.49975594
  0.15868404  -0.28773888
 -0.60797749  -0.01213378
  0.02833175   0.03822439
 -0.68556775  -0.22914314
 -0.18684007   0.13334345
 -0.36180848   0.05283990
 -0.24323172   0.26926872
 -0.21877727   0.76449287
  0.73238428   0.34494923
  0.63664193   0.45736603
  0.39841306  -0.70707907
 -0.13770977   0.80218179
  0.15637017  -0.54993649
 -0.59860361  -0.31851771
  0.36085176   0.47495804
  0.08043553  -0.21563968
  0.72916913   0.19283200
 -0.19522390   0.06247405
 -0.04500019   0.36998809
 -0.27123718   0.63519560
  0.28682663  -0.29959736
  0.35856529  -0.17476444
 -0.19184718   0.10513785
 -0.31111437   0.30901587
  0.80840952  -0.44316589
 -0.42908357   0.00518198
 -0.32415873  -0.18255769
 -0.46685393   0.15936059
 -0.33147444  -0.71283267
  0.13061054  -0.62536953
  0.58696310  -0.03854553
  0.09223502  -0.82801319
  0.25281009   0.26467212
 -0.12882902   0.78530058
 -0.56614951   0.56123533
  0.13834968  -0.02555497
 -0.77119427  -0.06140560
  0.02875152  -0.05799468
  0.92622871   0.11677107
 -0.44134459  -0.57073171
  0.37263723  -0.51542771
 -0.47392242  -0.54091400
  0.35304894  -0.19539518
  0.65311789   0.50140039
  0.31668458   0.37867692
  0.52309066   0.59780110
 -0.30866991  -0.20595301
  0.00063865   0.02817286
 -0.37939256   0.46630473
  0.04423375  -0.59306107
 -0.00372075   0.60857015
  0.55398973   0.48651013
  0.38729167  -0.30186460
  0.01874490  -0.82599771
  0.40070263  -0.57027444
 -0.00970170   0.07911886
  0.31749635   0.52630031
  0.55681310  -0.21783134
  0.12944690   0.24028236
 -0.60034272  -0.37112223
 -0.46896538   0.11591984
 -0.29568460   0.81830908
 -0.18699545  -0.86166760
  0.76463380   0.60926512
