80
  0.00256404  -0.70149806
  0.13678357  -0.78395497
  0.44648794  -0.39860262
  0.32920794  -0.68456668
  0.22227349  -0.79909134
  0.21866915   0.25787807
  0.07494023  -0.61024771
 -0.23812614   0.11414074
  0.03894694  -0.34998151
 -0.12958268  -0.19802841
 -0.26320743  -0.36162925
 -0.33160938   0.10594270
 -0.36407323   0.35162188
 -0.03708417  -0.31393247
  0.10140483  -0.79249527
  0.46573202   0.06541500
 -0.27991668  -0.20732532
 -0.60585857  -0.03369874
 -0.62701708   0.17279152
  0.16828985  -0.62710238
 -0.08362205   0.30274785
  0.40654788   0.09810294
  0.01235781  -0.21110826
  0.17056408   0.14674930
 -0.13465810   0.09148787
 -0.06412518  -0.91350535
 -0.47288483   0.16069102
 -0.56389678  -0.66776452
 -0.09108891  -0.53803452
 -0.18295490  -0.65980565
  0.44147624  -0.25637733
  0.33151362  -0.24520903
  0.05555963  -0.89695118
 -0.11794903  -0.24441704
  0.50006389  -0.17534967
  0.06006765  -0.16657562
  0.05249887   0.36425153
 -0.48509369   0.21585148
 -0.26941208  -0.88934863
 -0.18172047  -0.29817362
 -0.55060826   0.20546850
 -0.08680946   0.18934614
 -0.35766633   0.14591646
 -0.36096996   0.30572463
 -0.60227054   0.14944074
 -0.03684089   0.19570081
  0.17127189  -0.38375767
 -0.18476458  -0.40794097
  0.36261824  -0.40279297
 -0.45890898  -0.28425235
  0.29058593   0.06664867
 -0.44629387   0.11835089
  0.32579882  -0.12414542
  0.22773569  -0.14258823
 -0.46440747  -0.39404061
 -0.03057596   0.16956318
 -0.73710970  -0.13350444
 -0.12154878   0.03097305
 -0.13759875  -0.30950596
  0.04740831  -0.19867883
 -0.17529218  -0.04162940
 -0.43977760  -0.32693958
 -0.63247309  -0.14196829
 -0.05582824  -0.16097569
 -0.45615195  -0.82850673
 -0.24715756   0.22387342
 -0.21759571  -0.78562004
 -0.50986632  -0.36944414
  0.48843145  -0.02046047
 -0.10797203  -0.40982212
 -0.24165921  -0.53287688
 -0.17930982  -0.57789954
  0.41383385  -0.19976233
 -0.15786397  -0.16195202
  0.28877983  -0.05546709
 -0.52194663   0.05951966
 -0.31614489  -0.26315303
  0.01986907   0.43484520
 -0.60767633  -0.75697491
  0.57458206  -0.27418570
