100
  0.44675506   0.34017375
  0.07593487   0.24120653
  0.08344350   0.77658534
  0.06027724   0.17953936
 -0.26889156  -0.11672861
  0.59796441  -0.28032340
 -0.54496404   0.30415064
  0.01224818  -0.39151140
  0.10199346  -0.08424997
 -0.22453206  -0.50289838
 -0.10838486   0.78187343
  0.44020047   0.29125070
 -0.22283532  -0.50499746
  0.21048334  -0.51690390
 -0.09309883   0.02463082
 -0.24136371   0.46797791
 -0.02668741  -0.20457284
  0.24823519  -0.13837505
 -0.23901785   0.29936079
  0.10004785  -0.40876203
 -0.06548658   0.65130493
 -0.31745638  -0.42430067
  0.30529477   0.66103202
  0.31244141   0.61786648
  0.44031490  -0.10468823
  0.45634009  -0.46928816
 -0.01935250   0.22239338
  0.10720209  -0.35352478
  0.76247116  -0.14420404
  0.60200553   0.57597651
 -0.37512668   0.51423573
  0.31553391   0.79335192
 -0.28659133  -0.35675536
  0.05159220   0.34580186
  0.38583368   0.71511886
 -0.07308504   0.47096470
 -0.17224400  -0.00359761
 -0.26607178  -0.21697381
 -0.10654475  -0.47795065
 -0.27834042   0.23265265
  0.21517143   0.44251030
  0.22966460   0.73789308
 -0.00137568   0.57765879
 -0.29308969   0.18657218
 -0.16560124  -0.44299801
  0.64954169   0.13359747
  0.47195036  -0.14669107
  0.42478344  -0.40365543
  0.37944815  -0.37333946
  0.73751980   0.01673239
 -0.13543845  -0.40507069
 -0.27620250   0.14762901
 -0.08554334  -0.03300898
 -0.05375863  -0.22109668
 -0.25720574  -0.06299034
 -0.22369864   0.68408125
  0.29332607   0.11843633
  0.49484220  -0.26933194
  0.30163476   0.64816432
  0.11702161   0.43859250
  0.15104478  -0.43169784
 -0.00555523  -0.37826855
 -0.03155287  -0.37600764
  0.24926335  -0.44193015
  0.73291266  -0.16516968
  0.59345160  -0.07046395
 -0.58871465   0.19890317
  0.53601648   0.32817025
  0.62054438   0.52029368
  0.27955643   0.70787086
  0.33847300  -0.16277393
 -0.32409907   0.30049326
 -0.48574061   0.42668943
 -0.22379177   0.30730210
  0.52904248  -0.34399153
  0.17751831   0.11129460
 -0.37998655   0.42976089
  0.24417849  -0.49376227
  0.43192552   0.19792779
 -0.30552829  -0.44034922
  0.49657594   0.41556530
 -0.15278723  -0.14482818
  0.13785257   0.66114975
 -0.20043974   0.31565291
  0.69514013   0.15050702
 -0.57103347   0.10471986
  0.15152858  -0.33000639
  0.54883650  -0.21040981
  0.32396697   0.50778475
 -0.40179740  -0.25087073
 -0.23516469   0.36860347
  0.26907762  -0.01354351
 -0.03898463  -0.22724620
 -0.51806512   0.11280916
  0.01576841   0.06050207
  0.51917450   0.71826190
  0.19477941  -0.49189744
  0.41821459  -0.56530805
  0.39965278   0.82290103
 -0.51459690  -0.26668330
