20
 -0.47373458   0.02874837
  0.09754837   0.21331425
  0.16521220  -0.32678221
  0.81499672  -0.31654828
  0.23257638  -0.68945544
  0.50132543  -0.59213902
  0.41748504  -0.18656851
  0.83995323  -0.27289140
  0.48158904   0.17151019
  0.09382746   0.11333357
  0.71094418   0.07651764
  0.63400743   0.22761779
  0.42354857   0.04859719
  0.25098893   0.13655236
  0.10683706   0.42678989
 -0.30583812   0.05675940
 -0.32810612  -0.07589069
  0.80969049   0.28649513
 -0.50784871  -0.52764340
  0.96177116  -0.03235543
