400
  0.38907917   0.41768065
  0.31265404  -0.04891318
  0.58775750  -0.12423366
 -0.18086683   0.42105891
 -0.11614510   0.47233135
  0.32084366  -0.11907049
  0.07350177   0.02246692
  0.39786628   0.31549164
  0.48051672  -0.20692469
 -0.12856695   0.47624480
  0.44212022   0.32623853
  0.34501144   0.02621326
  0.66007973  -0.16694339
  0.26189101   0.58825452
  0.20030362   0.33913851
  0.31721650   0.52736908
  0.22090657   0.64182963
  0.03140712   0.46789583
 -0.19411948   0.52875667
 -0.19574621   0.35422772
  0.17604872  -0.39273321
  0.47433310   0.15650259
 -0.02604859  -0.03755706
  0.33381539  -0.17702753
  0.60693845   0.37861148
 -0.04486699  -0.20525126
  0.31785943  -0.26547051
  0.24284195   0.03244367
 -0.22155213   0.13720461
  0.64933637   0.08079690
  0.02399545   0.45208274
 -0.04122007   0.51096052
  0.20679771  -0.35301826
  0.56034937   0.14770560
  0.39996094  -0.32485044
  0.34389062  -0.20671385
  0.19831316   0.07309847
  0.30782189   0.61800480
 -0.20720583   0.43938914
  0.18332918  -0.29348323
  0.12588470   0.18234036
  0.71050009   0.18090063
 -0.03941527   0.13631416
  0.34674493  -0.05972090
  0.07910088   0.13060898
  0.07003155   0.38468534
  0.06263736   0.54012466
  0.13375829   0.47212699
  0.01922495   0.33926619
  0.36598642   0.16402925
  0.12650787   0.50677042
  0.56872048  -0.06849212
  0.05471992   0.07061890
  0.22928296   0.60927168
  0.51538572  -0.04339346
  0.36490863   0.72302674
 -0.30402988  -0.00982156
 -0.27706732   0.11577803
  0.36613551  -0.31038887
  0.66409505   0.02838844
  0.02273921  -0.29417247
  0.12943096   0.48443122
  0.42450912   0.70465182
  0.17594619   0.21678469
  0.48359163  -0.21335421
  0.24259354   0.23681288
 -0.09623678   0.32314997
  0.17532366  -0.37431112
  0.02773563   0.21182490
  0.35108780   0.32719882
  0.64645433   0.37605175
  0.66824801   0.14817060
 -0.04450530  -0.25800931
  0.04789601   0.49726197
  0.00945520   0.09138849
  0.01043606  -0.08792374
  0.41017076   0.59554009
  0.50537518   0.37607298
  0.16451960   0.59176918
  0.59273553   0.28632807
  0.41870540   0.50273165
 -0.25125235   0.01983629
  0.46150107  -0.29251495
 -0.11838926  -0.06783889
  0.50050791   0.33513654
  0.14034006  -0.20531606
  0.80311509   0.30125154
  0.00569536   0.27992391
  0.28269040  -0.18339381
  0.28621325   0.30573449
  0.75856462   0.37443587
  0.06567824   0.33499549
 -0.04682708   0.29080696
  0.83561444   0.27386683
  0.14407684   0.29123210
  0.29424012  -0.21589640
 -0.14577757   0.44237416
 -0.22255064   0.09344691
 -0.27252954   0.38806967
 -0.06482794   0.65402064
  0.79278521  -0.04355707
  0.40115524  -0.29385680
  0.09430893   0.01869872
  0.02616759   0.67253384
  0.09978017  -0.31514654
  0.23510783  -0.22901821
  0.49501659   0.05775596
 -0.15368229   0.32093273
  0.28152362   0.19932732
  0.40812891   0.71458047
  0.18383857   0.24072825
 -0.06056988   0.00415200
  0.16492981   0.08633258
  0.48568757  -0.30667204
 -0.24754588   0.52973069
  0.76775565   0.05703235
  0.66806815   0.47233666
  0.18093955  -0.07857876
  0.73749810   0.35040441
  0.45003053  -0.34203923
  0.47641465  -0.32923006
  0.07644292   0.45393245
  0.11145021   0.15080080
 -0.30658986   0.08091054
  0.00909611  -0.19714590
 -0.19271181  -0.06263243
  0.32275648   0.18929189
  0.37136015  -0.05627817
  0.68701945   0.29761790
 -0.26051203   0.42459191
 -0.06170570   0.11084659
 -0.02865403   0.42882987
 -0.01038406   0.29907439
 -0.03879789  -0.00016099
  0.48497259   0.34053026
  0.75290248   0.36398402
  0.20960713  -0.23015586
  0.71445340  -0.06290989
 -0.01865143  -0.25845134
  0.15812829   0.79124806
  0.63568225   0.55869921
 -0.08937386  -0.04125155
  0.25056863   0.21467780
  0.50963599   0.05859588
  0.48959316   0.46863621
 -0.19009910   0.23657274
  0.03110205   0.44583026
  0.28550311   0.29851025
 -0.24569422  -0.09233248
 -0.20945318  -0.11584734
  0.34425289   0.00305252
 -0.00514430   0.34093955
 -0.14635622  -0.22830563
  0.58496479   0.44256641
  0.42265094   0.75571656
  0.56454615   0.16438920
 -0.01205800  -0.26049693
  0.32899406   0.16578598
  0.48561203   0.49854556
  0.65776208  -0.19530344
  0.33164332  -0.31555381
  0.09099862   0.74018724
  0.10716076  -0.29205360
 -0.07962493   0.68495181
 -0.04214324  -0.11011000
 -0.19296203   0.24973162
  0.33408546   0.32104550
  0.35513386  -0.11886077
 -0.11110355   0.27958639
  0.35771436   0.22126541
  0.54551195   0.51501573
 -0.14638246  -0.20300928
  0.30490970   0.50114028
 -0.24670233   0.50887031
  0.22649345   0.43648874
 -0.12555661   0.17196839
  0.40461939  -0.15932301
  0.15987099  -0.24809464
 -0.14358135   0.32143810
  0.24838191   0.09741182
  0.67929687   0.21014378
  0.82019698   0.15663103
  0.36653134   0.35511731
  0.45361010   0.13094327
  0.59936195   0.37024272
 -0.02687608   0.61648454
  0.15099620  -0.01217737
  0.55240382   0.44779726
  0.18429211  -0.21358390
 -0.27380856   0.19843310
  0.23637708  -0.28785205
 -0.33511875   0.08585989
 -0.25649151   0.43064284
  0.31490637  -0.39560576
  0.69907964  -0.03100434
  0.35589735  -0.17746776
  0.45712888   0.41079161
  0.13783301  -0.35997890
  0.21057496  -0.13255847
  0.35125725  -0.31936619
  0.60645413   0.09963838
 -0.15628862   0.50777617
  0.23105823   0.55039131
 -0.00571571   0.32712465
  0.34334427   0.29308412
  0.08252711  -0.07597819
  0.65044176   0.03345418
  0.63301913   0.08980623
  0.57450140  -0.13324596
  0.76151764   0.17544375
  0.04286030  -0.07128284
 -0.27721982  -0.02965742
 -0.11279166  -0.10881295
  0.12772568   0.28547934
  0.69488469   0.33539790
  0.81876158   0.04918575
  0.18888926  -0.04592284
  0.36152786   0.51347708
  0.15056484  -0.38062727
  0.74215370   0.00383539
  0.23275652  -0.28537597
  0.36831729   0.13479644
  0.10701301   0.22335970
 -0.11395193   0.07769284
 -0.02035962   0.32124599
  0.52404042  -0.24225105
 -0.18076719  -0.07586233
  0.24601633   0.33230369
  0.05581270  -0.10867393
  0.45750489  -0.19643451
  0.08786051  -0.33883564
  0.35398541   0.24248426
  0.68532560   0.11764385
 -0.15251681   0.52117659
  0.24763697   0.73285695
 -0.07760453   0.42867801
  0.20797934  -0.35366248
  0.83843922   0.28928448
 -0.03124102   0.35472352
  0.68001909  -0.01743061
 -0.08258748  -0.15452884
  0.04613363   0.04027967
  0.09038404   0.09543577
  0.42747485   0.33404292
  0.08233976  -0.03488330
  0.41790858   0.74001940
 -0.22120803   0.24442734
 -0.00572803   0.61153918
  0.68454205  -0.00295803
 -0.21606143   0.12958933
 -0.27160508   0.09035541
  0.23395072   0.40792997
  0.57062861  -0.15476738
  0.62361129   0.38578939
 -0.16226445   0.01978974
 -0.00267770   0.24877756
  0.58402509   0.03052672
 -0.17573603   0.23243384
 -0.00373038  -0.33723295
 -0.10097443   0.17639789
  0.21630636   0.13251817
  0.37192646  -0.14901762
  0.43418941  -0.35198988
 -0.11158885   0.56700108
  0.46343817   0.51162246
  0.34880147  -0.05804804
  0.02762189  -0.06735468
 -0.19699697   0.38702797
 -0.29872940   0.04778514
  0.44763618   0.47797267
  0.23368522   0.43370338
  0.26592622  -0.20933859
 -0.22585845  -0.05922477
  0.45603529   0.15253381
  0.20445143  -0.39364676
 -0.18088828   0.18416430
 -0.10839186   0.33969462
  0.51490252  -0.23560578
 -0.12292169  -0.26984341
  0.76872485  -0.00917979
 -0.19986730  -0.12045473
  0.64301466   0.19800224
  0.03387540   0.66479911
 -0.01206761   0.01777955
  0.20120388  -0.20820506
  0.14206220   0.11648422
  0.40037889   0.54656835
  0.55479561  -0.25421366
  0.34137607   0.21091492
  0.57431300  -0.00372279
  0.52346656   0.26793313
  0.35676795   0.33136746
  0.12071727  -0.02758983
 -0.07548842  -0.04198834
  0.46403297  -0.22243850
  0.36655657   0.38339950
  0.73752555   0.45033846
  0.33588354   0.59150749
  0.09645643   0.55411484
  0.27119676   0.58960202
  0.38683987   0.37568992
  0.50223262   0.71691547
  0.41740953   0.02199473
  0.76414575   0.00276464
  0.71121104  -0.07719947
  0.16442689   0.12093113
  0.38235904   0.01857537
  0.37501925   0.56802261
  0.18159718  -0.21083986
  0.21372405   0.67970472
  0.41651052   0.17234587
  0.54758451   0.42206256
  0.10241795   0.20297400
 -0.23937016  -0.04693091
  0.44563954   0.61384338
  0.52639898   0.37124972
 -0.14296268  -0.25044187
  0.65043146   0.18133654
  0.67377337   0.59145084
  0.25382780   0.53337588
 -0.00259881  -0.17520148
 -0.25887325  -0.05325066
  0.32751700   0.41980010
  0.27268070   0.02439331
  0.61779465  -0.20981956
  0.42128391  -0.32601062
  0.19541154  -0.33508147
  0.47120098   0.20632883
  0.50312628   0.43097420
  0.75051637   0.10673280
 -0.22554017   0.07611324
 -0.17897087   0.20850393
 -0.11609523   0.17068692
 -0.29686288   0.20187924
  0.83336410   0.12188489
  0.50542074  -0.33648246
  0.24016810   0.15910164
  0.00976546  -0.32337184
  0.37720582  -0.35719414
  0.05393266   0.60017258
  0.75633692  -0.07702427
  0.59207263   0.07964118
  0.37156188   0.28308545
  0.58518150   0.49702434
  0.41702761   0.06198113
  0.31896974   0.08850220
  0.11195914   0.15523628
  0.04165356   0.11206221
  0.34903809   0.69990243
 -0.02448676   0.62811747
  0.29433233  -0.20532998
  0.04840304   0.47216137
  0.58677115   0.20173637
  0.64322817   0.16312810
  0.49955445  -0.07186410
 -0.05266066   0.18210551
  0.39177107  -0.10418921
  0.47183191  -0.04060599
  0.16267953   0.34680041
  0.73785293   0.48050260
  0.25856630  -0.28608500
 -0.06447428  -0.28943836
  0.29268767  -0.24457541
  0.64291055   0.39166538
  0.34268103  -0.11612652
  0.15654118  -0.27055436
  0.01709682  -0.26693383
  0.50962766  -0.11981940
  0.25464101   0.07205486
 -0.05802716  -0.27695744
  0.55647337  -0.04160071
  0.36592205   0.08935065
  0.03192434   0.64660444
 -0.10944224   0.52374580
  0.19174031   0.03528530
 -0.32495346   0.34170298
  0.14296672   0.74477157
 -0.21279065   0.17663448
  0.48631542   0.26505684
 -0.28100640   0.39504901
  0.20886969   0.18742242
 -0.02011326  -0.17384730
 -0.28441617   0.16932176
 -0.05126773   0.36793155
  0.28853383   0.64064948
 -0.03412246  -0.31489822
  0.00853761   0.17305799
  0.66124043   0.29013094
  0.24642486   0.00272279
 -0.24486098   0.45870844
  0.28762683   0.64367556
  0.39732374  -0.08607613
  0.36940623   0.45609465
  0.40619436  -0.07704212
  0.20805447   0.73640662
 -0.31435343   0.04231060
  0.29882870   0.66538326
  0.46789527  -0.38578721
  0.34777582   0.81730454
 -0.02699530  -0.36026654
