40
  0.69692250  -0.47163792
  0.05168275  -0.57085197
  0.29849414  -0.34695160
  0.62763359   0.09097331
  0.35254296  -0.53774795
 -0.04297561  -0.47957836
  0.19912061  -0.59628903
  0.28654004  -0.18481523
  0.58755212   0.04854933
  0.55330845  -0.27114453
  0.33352139  -0.21851877
 -0.05886606  -0.56910835
  0.72600938  -0.38565289
  0.42867196  -0.30500598
 -0.12500565  -0.35034130
  0.60781456   0.30774230
  0.79014829  -0.24567581
  0.56273330   0.18792463
  0.49541494  -0.46767626
  0.10829937  -0.60057398
  0.29162500   0.32187641
  0.25606363   0.23604282
  0.30354572  -0.68709053
  0.31579306  -0.62057180
  0.12143691   0.21346410
 -0.01916083  -0.60683438
  0.31703253  -0.58770464
  0.27732652  -0.22558474
  0.72801205  -0.23777757
  0.36296855  -0.12885797
  0.35642561  -0.16978312
  0.14476651  -0.46648197
  0.88202624  -0.33044953
  0.19691849  -0.08177567
  0.62110048  -0.44928857
  0.11706657  -0.17827225
  0.02486832  -0.44000470
  0.50965103   0.38469573
 -0.15729174  -0.47688536
  0.97354442  -0.15823180
