200
  0.59937851  -0.41598317
  0.40908895  -0.86873519
  0.48081827  -0.58033574
  0.69662055  -0.57318105
  0.24997175  -0.52685773
  0.81606111  -0.43367432
  0.68822565  -0.25669835
  0.47259005  -0.68525503
  0.66171781  -0.47051420
  0.78000864  -0.55832899
  0.60371968  -0.67022824
  0.28691871  -0.65884676
  0.57154688  -0.80357324
  0.77624883  -0.53690797
  0.73154568  -0.31105918
  0.24926838  -0.54574305
  0.67622305  -0.49528077
  0.46186546  -0.33855149
  0.42215230  -0.76567913
  0.34420206  -0.66740310
  0.55788072  -0.81895290
  0.61659448  -0.57968245
  0.70262421  -0.59646163
  0.57080885  -0.71886469
  0.53729832  -0.67798124
  0.27740763  -0.74399430
  0.66512289  -0.52170777
  0.63885906  -0.40307285
  0.45790561  -0.38054975
  0.41420210  -0.64887863
  0.46083858  -0.70165792
  0.47477170  -0.39701285
  0.27706868  -0.68501433
  0.38200854  -0.56466788
  0.57599735  -0.73057942
  0.64550829  -0.65458913
  0.58840595  -0.63937220
  0.31313587  -0.59760337
  0.63651422  -0.34983787
  0.42659991  -0.34993488
  0.38326914  -0.36395999
  0.32791912  -0.50630783
  0.50648436  -0.52379573
  0.74903212  -0.38568093
  0.29127014  -0.49393160
  0.30019850  -0.50289414
  0.76293970  -0.34352920
  0.55143673  -0.58841192
  0.70276966  -0.66437554
  0.59315204  -0.30265362
  0.64511863  -0.28530634
  0.65352125  -0.37802896
  0.50272930  -0.29921438
  0.48072396  -0.54804886
  0.71444060  -0.27370886
  0.36565360  -0.84256510
  0.58776448  -0.33165136
  0.40259389  -0.42186620
  0.30637494  -0.39586592
  0.80285599  -0.44952276
  0.34746785  -0.77735209
  0.68805372  -0.65936687
  0.38244028  -0.57736983
  0.70849579  -0.58892798
  0.70010255  -0.68320613
  0.29250661  -0.68122564
  0.83295247  -0.53724269
  0.44767657  -0.50194689
  0.64548753  -0.50936067
  0.44642823  -0.67419792
  0.59241164  -0.28681656
  0.47622117  -0.56622105
  0.61755654  -0.62797446
  0.46987729  -0.41666983
  0.58823384  -0.28284494
  0.39802294  -0.31289585
  0.45930661  -0.84652009
  0.75509251  -0.62990131
  0.41745368  -0.48179940
  0.63309797  -0.69356502
  0.44604112  -0.35335267
  0.79008765  -0.32707891
  0.59606788  -0.51157441
  0.66871130  -0.28103032
  0.83287930  -0.44970344
  0.40538831  -0.40420858
  0.47774834  -0.63401698
  0.39112061  -0.79381936
  0.69751323  -0.43012312
  0.55151771  -0.26908082
  0.31752891  -0.56276984
  0.39072229  -0.35773495
  0.56822132  -0.25616053
  0.74048689  -0.54335467
  0.28263583  -0.62047656
  0.72055205  -0.45189833
  0.75275209  -0.55444407
  0.31734119  -0.52938948
  0.69817554  -0.45915734
  0.79266638  -0.49415399
  0.63985175  -0.65012560
  0.50112504  -0.38206450
  0.33410338  -0.69222497
  0.68773719  -0.31314978
  0.35557980  -0.34036855
  0.32719789  -0.62347585
  0.45704251  -0.74373441
  0.30541343  -0.51576385
  0.70186560  -0.64871227
  0.59148150  -0.55454152
  0.46896315  -0.48802520
  0.36862865  -0.86290736
  0.53660523  -0.57879157
  0.47880772  -0.45778781
  0.41854538  -0.79017211
  0.57524839  -0.61687569
  0.36950226  -0.53627715
  0.48906361  -0.60164647
  0.77346755  -0.61551468
  0.63077639  -0.55883894
  0.77181470  -0.59315508
  0.71475817  -0.58185960
  0.54338066  -0.47477512
  0.53361100  -0.29789253
  0.63640249  -0.31131363
  0.45336970  -0.49697383
  0.41894587  -0.38844711
  0.65895191  -0.68791444
  0.57595783  -0.37386975
  0.43670181  -0.35794571
  0.75058661  -0.39082936
  0.50780644  -0.74026643
  0.34092198  -0.74479461
  0.75610921  -0.32934721
  0.47039705  -0.48218686
  0.40482885  -0.71588333
  0.87942870  -0.38458850
  0.65242903  -0.34420209
  0.57321611  -0.36661141
  0.87600147  -0.40686573
  0.88828296  -0.38981192
  0.74247542  -0.65618625
  0.65213639  -0.50472736
  0.55667749  -0.37987675
  0.27848707  -0.49900461
  0.83724626  -0.46775676
  0.74641243  -0.30612062
  0.49773286  -0.35887009
  0.25824118  -0.57419341
  0.27603849  -0.46545245
  0.33098165  -0.57183615
  0.76956371  -0.31305076
  0.26993880  -0.66807217
  0.62336509  -0.53704087
  0.85069695  -0.50447648
  0.69100055  -0.25704793
  0.38771214  -0.64071365
  0.41686957  -0.29766548
  0.62713604  -0.74879962
  0.41647259  -0.31572308
  0.54409706  -0.38305216
  0.58610015  -0.50295763
  0.57819992  -0.28084986
  0.26447916  -0.67516394
  0.58677215  -0.66659103
  0.80250654  -0.56515169
  0.42131770  -0.38764368
  0.43540815  -0.78598470
  0.66869342  -0.58315070
  0.68481256  -0.52514422
  0.73186811  -0.40213474
  0.34213219  -0.58853485
  0.47254025  -0.66126833
  0.27773600  -0.64690462
  0.48028129  -0.76607615
  0.47269925  -0.55059899
  0.68548675  -0.51815977
  0.72532151  -0.59821049
  0.37835294  -0.81877994
  0.28998449  -0.60732573
  0.60632206  -0.47166623
  0.27344595  -0.64558691
  0.67997989  -0.66932493
  0.89313820  -0.44461024
  0.62955877  -0.37533792
  0.55144383  -0.24759916
  0.36731193  -0.70839102
  0.68421298  -0.45873275
  0.46335801  -0.41907996
  0.62627350  -0.65950313
  0.60346888  -0.49588145
  0.49069005  -0.78258467
  0.53309193  -0.65035284
  0.43433119  -0.63600586
  0.71226384  -0.65224240
  0.37106936  -0.68931412
  0.76064998  -0.31377806
  0.86516717  -0.33483708
  0.28693206  -0.80643030
  0.09624733  -0.69611506
