122
 -0.51992188   0.27500000
 -0.54570313   0.27500000
 -0.56718750   0.27070313
 -0.57578125   0.26210938
 -0.59726563   0.24921875
 -0.61015625   0.23632813
 -0.62734375   0.21484375
 -0.64453125   0.21054688
 -0.65742188   0.19335938
 -0.67031250   0.17187500
 -0.67031250   0.15039063
 -0.67460938   0.12890625
 -0.67460938   0.09023438
 -0.67460938   0.07304687
 -0.66601563   0.06445313
 -0.65312500   0.05156250
 -0.64453125   0.03437500
 -0.62734375   0.02578125
 -0.61015625   0.01718750
 -0.58867188   0.00859375
 -0.55859375  -0.00429688
 -0.52851563  -0.00429688
 -0.50703125  -0.00429688
 -0.48554688  -0.00429688
 -0.46835938   0.00000000
 -0.45976563   0.00429688
 -0.45546875   0.00429688
 -0.45117188   0.00429688
 -0.25781250   0.00429688
 -0.25781250   0.03867187
 -0.25781250   0.05156250
 -0.25781250   0.06875000
 -0.25781250   0.08164062
 -0.25781250   0.09453125
 -0.25781250   0.11171875
 -0.25351563   0.20625000
 -0.25351563   0.21054688
 -0.26210938   0.21054688
 -0.26640625   0.21054688
 -0.26640625   0.21484375
 -0.13320312   0.00859375
 -0.13320312   0.02148438
 -0.13320312   0.09023438
 -0.12460938   0.10742188
 -0.11601562   0.12460938
 -0.09882813   0.14179688
 -0.07734375   0.15468750
 -0.06015625   0.16328125
 -0.03867187   0.17187500
 -0.01718750   0.17617187
 -0.00429688   0.17617187
  0.01289063   0.17617187
  0.02578125   0.17617187
  0.24492187   0.17187500
  0.22773438   0.17617187
  0.20625000   0.17617187
  0.15468750   0.16757813
  0.13320313   0.16757813
  0.11601562   0.15039063
  0.10742188   0.11601562
  0.10312500   0.06875000
  0.10312500   0.06445313
  0.11171875   0.03867187
  0.12031250   0.02578125
  0.13320313   0.01289063
  0.16328125   0.00859375
  0.18476563   0.00859375
  0.20625000   0.00429688
  0.22343750   0.00429688
  0.23632813   0.00429688
  0.24492187   0.00000000
  0.33945313   0.00429688
  0.34375000   0.03007812
  0.34375000   0.06445313
  0.34375000   0.09023438
  0.34804688   0.12460938
  0.35234375   0.17617187
  0.36093750   0.23632813
  0.36093750   0.26640625
  0.36093750   0.28789063
  0.36093750   0.29648438
  0.36093750   0.30937500
  0.36093750   0.31796875
  0.36093750   0.33085938
  0.36093750   0.33945313
  0.36523438   0.33945313
  0.36523438   0.34375000
  0.44687500   0.09453125
  0.46406250   0.09453125
  0.61875000   0.12031250
  0.64453125   0.12460938
  0.65312500   0.13750000
  0.66171875   0.15039063
  0.65312500   0.16328125
  0.63593750   0.18046875
  0.59726563   0.19765625
  0.58437500   0.19765625
  0.57148438   0.20195313
  0.54570313   0.20195313
  0.53710938   0.20195313
  0.51992188   0.18906250
  0.50703125   0.17617187
  0.50273438   0.16757813
  0.48984375   0.15898438
  0.48125000   0.14179688
  0.47695313   0.12460938
  0.47695313   0.10742188
  0.47695313   0.09023438
  0.48125000   0.07304687
  0.48984375   0.05585938
  0.50273438   0.04296875
  0.51132813   0.03437500
  0.52851563   0.03007812
  0.54570313   0.03007812
  0.56289063   0.02578125
  0.57578125   0.02578125
  0.58867188   0.01289063
  0.60156250   0.00859375
  0.61015625   0.00429688
  0.61875000  -0.00429688
  0.63164063  -0.00429688
  0.63164063  -0.00859375

