1000
  0.47225951  -0.38126669
  0.76695106   0.03206918
 -0.36272885  -0.29746332
  0.48806404  -0.54453006
  0.41769886   0.69404449
  0.35570614   0.82404699
 -0.15492655   0.06553948
  0.65446660  -0.26425972
  0.56560469  -0.60711557
  0.06781985  -0.52652902
  0.17463140  -0.18531213
  0.29156767   0.70189065
  0.38120936  -0.24644792
  0.57331743   0.15969470
  0.03528132   0.04379073
  0.68682763  -0.42568340
 -0.14173577   0.20251204
 -0.42302009   0.10404632
  0.21559056   0.31306870
 -0.39957189   0.08244348
  0.44328310  -0.14054327
  0.12851513  -0.61602289
  0.57674173   0.75051278
  0.69354254  -0.02040036
 -0.34960890   0.28834724
  0.82782442   0.06410352
 -0.08817164   0.50677938
  0.46171970  -0.64544808
 -0.33840711   0.02625025
  0.21316791  -0.52656567
  0.51035460  -0.45352343
  0.46641050   0.14730319
  0.63036319   0.62056800
 -0.15465339  -0.42331473
 -0.49855154  -0.27590175
  0.19402771  -0.42758367
  0.44972296   0.04898032
  0.92862958  -0.11459016
  0.92712831   0.36226729
  0.52330088  -0.55965310
  0.55688631  -0.23259511
 -0.33416784   0.00738617
 -0.04608134   0.65649679
  0.17058661   0.00885098
 -0.47678975  -0.12165016
  0.02555791   0.24366550
 -0.17704866  -0.45866133
  0.49323293  -0.15094034
 -0.24984358   0.13549436
  0.75091559  -0.27632698
 -0.15138770  -0.03260501
 -0.28150636   0.34237543
 -0.20275437  -0.04969448
  0.10532045   0.43696057
  0.64117040  -0.52463444
  0.76190776  -0.22034211
  0.14877100   0.40665407
  0.59110380  -0.24340297
  0.45900239   0.28262501
 -0.07662076   0.46095817
  0.87712318  -0.16221541
  0.25173178   0.13797492
  0.88595877  -0.11717438
 -0.39388964   0.04748876
 -0.11141725   0.40924040
 -0.45791708  -0.25530784
 -0.55157945   0.02280739
  0.57011445  -0.45074479
 -0.21821881  -0.38523187
  0.76065625   0.33557860
  0.36405223   0.44830346
 -0.12000657  -0.15681764
  0.32544164  -0.65475280
 -0.15930843  -0.27224511
  0.02491828  -0.58957016
  0.70321977  -0.11300255
 -0.15383194  -0.36151315
  0.27241799  -0.02184907
 -0.22776532  -0.59318628
 -0.08163067  -0.63912279
  0.26853406  -0.26776229
 -0.04246413   0.39640484
  0.57776798  -0.36297313
  0.24120100   0.09132165
  0.49111812  -0.27016560
  0.32080044   0.07580861
  0.28799065   0.34334876
 -0.18503975   0.58135260
  0.69024381  -0.14393500
 -0.04231375   0.75249515
  0.15964671   0.18398753
 -0.10013658   0.62775496
 -0.25932614  -0.09551513
  0.44711087  -0.32275864
  0.35810526   0.46166656
  0.65655501   0.44934471
  0.18200061   0.24506821
  0.51116629   0.48631970
 -0.08952247  -0.33182988
  0.13230009   0.80347737
  0.52009072  -0.51968338
 -0.03578148   0.65952154
 -0.14943150   0.70826556
  0.51732678  -0.02448829
 -0.27635071   0.45768665
  0.59761542   0.79265295
  0.83186014  -0.36673503
  0.07714834  -0.78541396
 -0.08716051   0.16977236
  0.54083783  -0.58547335
 -0.21481810  -0.67274191
  0.44148418  -0.51444036
  0.48208540  -0.53465790
  0.79265137   0.12163693
  0.63924475  -0.28441470
  0.40107979   0.13989701
  0.66826759   0.30797462
 -0.20092333   0.27613466
  0.70494674  -0.37843885
  0.04675466   0.59247193
  0.55237139  -0.07030464
 -0.26898969   0.17617105
 -0.40102718   0.44609871
  0.30294785  -0.53698954
 -0.19251038   0.29490779
 -0.20314032  -0.30173758
  0.60695169   0.17490212
  0.53866469   0.11998153
  0.29030739  -0.68137978
  0.36382654  -0.48274075
  0.29645970  -0.42820353
  0.18814752   0.08163055
  0.07035903  -0.80210437
  0.23033739   0.78324030
  0.58177279   0.04446492
  0.34129171  -0.07031118
 -0.13167851   0.57160741
  0.42346014   0.30808457
  0.75931603   0.09352093
 -0.42114826   0.27915814
 -0.13477821   0.72030078
  0.34505436  -0.04259693
 -0.08549692  -0.37293763
  0.08042779   0.37687794
  0.62837437   0.75696454
  0.04404037   0.54278689
 -0.31526828   0.39422899
  0.55206291  -0.20117888
 -0.43257627   0.13528993
  0.00731717   0.40171079
  0.57676970   0.69024937
  0.33455702  -0.40358082
 -0.40510169   0.40063005
  0.75537209   0.63636540
  0.59707974  -0.14055645
  0.37605477   0.02587171
  0.90055712   0.17910303
  0.21925868  -0.53528950
 -0.30772521   0.52940561
  0.85462655  -0.12759073
  0.17496113   0.24054515
  0.48794120  -0.05808419
 -0.47113891   0.19453238
 -0.23553403   0.20632260
 -0.14223821  -0.31724058
  0.02985478  -0.26449209
  0.76964211   0.61824708
  0.40012893  -0.19684058
 -0.24291853  -0.36412753
  0.22763338  -0.75925695
 -0.03442179  -0.62071128
 -0.22101523  -0.21177653
  0.86263157   0.37560301
  0.20854435   0.12621447
 -0.01600766   0.77354680
  0.16753568   0.64972541
  0.32131582  -0.78898178
 -0.06361891   0.59705856
  0.08373930   0.82579792
 -0.18856795   0.67771579
  0.69456365  -0.62430182
  0.37584221  -0.18152702
 -0.08475717   0.73102600
 -0.04994037  -0.00770184
  0.20262624   0.53551669
  0.06220912  -0.65698629
 -0.16564388   0.56500103
  0.79605868   0.03931434
 -0.01837651   0.47008712
  0.61874603   0.24177437
  0.51750269  -0.28419407
  0.54556290  -0.65084159
  0.19565005   0.79101717
  0.22568686  -0.20614131
 -0.03548150   0.69176833
  0.21866094   0.29226686
 -0.43615686   0.39151290
  0.30342751   0.73301235
  0.07223654   0.47980124
 -0.30548154   0.07607883
  0.04461729   0.61736088
 -0.28028786  -0.03798604
 -0.45937009   0.23551720
 -0.19362174   0.65560828
 -0.25582761  -0.26118352
 -0.15008869  -0.47052938
  0.30223304  -0.42814679
  0.33457765   0.36150062
 -0.03203185  -0.66533024
  0.50495625   0.24194000
 -0.32905420  -0.15094764
  0.06352328   0.02534913
  0.45667009  -0.44989697
 -0.16764606   0.43233889
  0.15258737   0.82635236
  0.91052527   0.21249888
 -0.48804374  -0.15935325
  0.38791634   0.40392160
 -0.12516353   0.18748056
 -0.28502363   0.09034479
  0.15814289   0.59602030
  0.11986971   0.51859124
  0.36344014   0.44844702
  0.20784313  -0.69474832
 -0.27678123   0.31497316
 -0.08581053  -0.15818655
  0.25402355  -0.62071928
  0.28269715  -0.59281757
 -0.34218022  -0.20376267
  0.44382287  -0.82894230
  0.12525176  -0.40106769
  0.68181883   0.32143027
  0.66548043   0.06780034
  0.77642975   0.45338474
  0.43604951  -0.23564784
 -0.02887553   0.13174691
 -0.02061370   0.13078202
  0.93086299   0.18354646
  0.74858170  -0.39931801
  0.62816708  -0.21001239
  0.27056103   0.00514612
 -0.40704714   0.36819127
 -0.13773489   0.71173839
 -0.35401801   0.40395947
  0.13630214  -0.30182014
  0.42739822   0.05804171
  0.15301041   0.09172748
  0.26572102  -0.00306772
  0.67010743  -0.28368929
 -0.00640884  -0.23463574
  0.12505933  -0.41979356
  0.44496948   0.01439562
 -0.39999816   0.00090232
  0.40787339   0.40337264
  0.92403276   0.17547200
  0.61606130   0.78090279
 -0.26969608  -0.14321962
  0.14330089  -0.56005217
  0.60064111   0.00885555
  0.68322020  -0.21625955
 -0.32712987  -0.20972496
  0.18957955  -0.67390777
  0.71681215   0.11780458
  0.74706227  -0.58100050
  0.08046054  -0.62047572
  0.21434771  -0.10836484
  0.37619814   0.69885632
  0.72024143  -0.18847102
  0.39565046  -0.35993923
  0.39261869  -0.82642415
  0.80649634   0.52488833
 -0.03217307  -0.03183288
  0.18077533  -0.04239167
  0.08135097   0.82959428
 -0.51264741   0.30425170
 -0.31045870   0.08838531
 -0.30430497  -0.14015827
  0.24241509   0.44843609
  0.50510216  -0.50508305
  0.13673581  -0.56619853
 -0.14845067  -0.15623846
  0.44832468  -0.22276942
  0.35501297  -0.60748279
  0.51057359   0.61472658
  0.28610323  -0.36056215
 -0.32615908  -0.31480083
  0.31073059  -0.05912477
 -0.09982428   0.44698710
  0.56149905   0.60047007
  0.39252509   0.60714317
  0.44244455  -0.74993668
  0.97110306  -0.06018642
  0.32202889  -0.03583321
  0.16898003  -0.54802285
  0.75069330   0.38626098
  0.50538898  -0.83586013
 -0.14254591   0.57182540
  0.25498843   0.09909753
  0.27978894   0.79989822
 -0.41879752  -0.34214819
  0.63213718   0.51288728
  0.66497181  -0.65007180
  0.44001560   0.37110642
  0.54004846   0.48391164
 -0.03512842   0.26447336
  0.25151459  -0.00990502
 -0.19130126   0.07015679
  0.73498544  -0.22660409
  0.27759930   0.07321496
  0.81411670  -0.47220554
 -0.34671291  -0.37980124
  0.35116431  -0.00264582
  0.41315850   0.21334363
  0.43569069   0.75906792
  0.72022859  -0.05967453
 -0.19980537   0.39984879
  0.83628869  -0.35243675
 -0.28752837  -0.34805469
  0.51089639   0.26565179
 -0.24538836  -0.32548842
  0.25160177  -0.83234333
 -0.02092710  -0.04236088
  0.72206774   0.66718715
  0.52779979  -0.29430939
 -0.16548154  -0.40603765
  0.57263967   0.38745546
  0.16018520  -0.12952209
  0.12329469   0.08685248
 -0.32558234  -0.03755018
  0.34295550  -0.47624137
 -0.06563380   0.03860104
 -0.45618168  -0.40999800
  0.77476913  -0.27224236
 -0.35979470   0.15485465
  0.68295772  -0.58488114
 -0.34717318  -0.09427858
  0.23454135   0.29551808
  0.56517513   0.53304376
  0.63707025   0.53454522
  0.35944958  -0.10215372
 -0.17799510  -0.14392232
 -0.33005759   0.53883632
  0.23070177  -0.69623647
  0.12002317   0.01739581
  0.29336056  -0.16013589
  0.54199707   0.07473168
  0.90525814   0.17913968
  0.03313680   0.65825398
  0.05815976  -0.08231031
 -0.23292763   0.53338340
  0.36098054  -0.56415485
  0.02526927  -0.35682123
 -0.30485259  -0.15451334
 -0.27384140  -0.63976331
  0.57619993  -0.23484083
  0.69308734  -0.20602743
 -0.13341154  -0.47304082
  0.57389057  -0.32378568
  0.81769001  -0.39995758
  0.24631901   0.22486685
 -0.33030355   0.04695895
 -0.34992263  -0.15978232
 -0.54191704  -0.08915213
  0.18872705   0.28862256
 -0.21424397   0.13207711
  0.60828775   0.35877959
  0.76869315  -0.42751038
 -0.09390144  -0.05744174
  0.60427146   0.49783830
 -0.25848177  -0.17894651
  0.70495694   0.12746545
  0.37165755  -0.22568733
  0.08088919  -0.11447466
 -0.19946487  -0.65071773
  0.50237541   0.47726773
  0.21010643  -0.07906647
  0.15909142  -0.03482874
  0.36242829  -0.66661978
 -0.17322660   0.29158779
 -0.40026315   0.40241108
  0.58776836  -0.62937419
 -0.02541315  -0.55167591
  0.66870715   0.55435755
  0.35480097   0.53376173
  0.11857332  -0.13188004
 -0.09352366  -0.66230106
 -0.23813036   0.18257089
  0.09227566   0.23541326
 -0.26946654  -0.37056449
 -0.46618455   0.27372379
  0.25854774   0.56072275
  0.63884504  -0.18146656
  0.14905561   0.56683004
 -0.02090288   0.44144836
  0.01012476   0.04092633
  0.63494083  -0.53505022
 -0.28617219  -0.16947773
  0.92676602  -0.13306903
  0.44872896   0.05323859
  0.22057422  -0.85965436
  0.92710221  -0.01637883
  0.85672027   0.31420990
 -0.12793262   0.14503144
  0.75777006   0.57472766
 -0.25213716   0.64052083
  0.73883420   0.49920019
 -0.14339124  -0.03526987
  0.90848252  -0.19636564
  0.38984730  -0.04063369
 -0.26317596   0.17930517
  0.24373665  -0.80791494
  0.49829037  -0.07076641
  0.67207455   0.07746558
 -0.47218784  -0.17566836
  0.21958089   0.12529123
 -0.37188193   0.17713929
  0.03360155   0.02944227
  0.34032850  -0.17972675
  0.20771287  -0.82093062
  0.78036900  -0.23715521
  0.09598258   0.08269171
  0.43696480  -0.36421558
  0.18347513   0.16520303
  0.62749150  -0.68767934
  0.79695036   0.13102478
  0.87013872   0.03305274
  0.18775764  -0.61629822
 -0.37960172   0.37376525
  0.73102162   0.09170043
  0.64770002  -0.10310156
 -0.31378552   0.26851226
  0.78440536   0.26989937
 -0.12630709  -0.31457915
 -0.49054268  -0.14315515
 -0.11164912  -0.32014388
  0.07675264   0.10522806
  0.11985428  -0.22605146
  0.01511362   0.01538205
  0.46177428  -0.10720280
  0.27813177  -0.41556917
  0.06231654   0.05811926
  0.66371323   0.13079780
  0.45568534   0.36272664
  0.58270268   0.52332768
 -0.24050585   0.29034510
 -0.36949192   0.32547250
 -0.41467243  -0.45232385
 -0.41654769   0.07220036
  0.11105853   0.82844850
 -0.17524777   0.51220667
 -0.29461085   0.15300949
 -0.26133916  -0.37319368
 -0.10621699  -0.57020744
  0.82353227   0.51840859
  0.06489852  -0.78873261
 -0.48913053  -0.21696079
  0.58195462  -0.68426692
  0.74636559  -0.62282510
  0.41171047  -0.13850380
  0.06704936  -0.15162820
 -0.18078486  -0.59523259
 -0.08811524  -0.42432826
 -0.02988861  -0.66801123
  0.33073324  -0.24852745
  0.23629126   0.72178395
 -0.00014681   0.23428436
 -0.30529809  -0.30661920
 -0.07744158  -0.24982798
 -0.20603119  -0.22330270
 -0.08304372   0.57468295
  0.58293512  -0.28988658
 -0.35570882  -0.15316814
  0.80139241   0.37731627
  0.72187777  -0.38784193
  0.36448604   0.58155238
  0.66180628   0.01549134
 -0.52366468  -0.18726738
  0.54316723   0.03134749
  0.72181802  -0.05711084
  0.03973022   0.07076075
  0.19384255  -0.79730645
 -0.28349449  -0.43276777
  0.28619928  -0.11413643
 -0.05146145   0.33867434
  0.35114595  -0.52706636
  0.53241400   0.65736760
  0.07412337  -0.15957660
  0.45658248  -0.59242938
  0.77196264  -0.19906777
 -0.24075905   0.47778272
  0.58570568   0.49920987
 -0.39888020  -0.03494637
  0.13746736  -0.28896382
 -0.07832179   0.16427304
  0.26893693   0.25934643
  0.02681274  -0.76857885
  0.17347119  -0.79197326
  0.05005054   0.53602035
  0.30682093   0.51534484
 -0.33359537  -0.00213152
  0.08071487  -0.74227567
  0.36033759   0.44145131
 -0.19992918   0.61249221
  0.34256965   0.23324449
  0.42186386   0.22142848
 -0.15697232  -0.31561776
  0.40711342   0.57483944
 -0.03015768   0.20096374
  0.63838500  -0.45846132
  0.43182287  -0.84042411
  0.53613288  -0.21523539
 -0.38535171  -0.44372059
  0.17683833   0.50934236
 -0.20275095  -0.34742404
  0.11904848   0.41062476
  0.11873215   0.49928627
  0.41434497   0.05636948
  0.09473769  -0.59050653
  0.40876928   0.23616470
  0.53445879   0.49155728
  0.50803995   0.01761569
 -0.12276488  -0.15314755
  0.70969770  -0.57159566
  0.53644968   0.20810785
 -0.43192665  -0.41845227
 -0.32944240   0.33658464
 -0.45301109   0.06080078
 -0.02992278  -0.56578576
  0.14006984  -0.11596313
  0.56230825  -0.49088313
  0.10890066   0.69781330
  0.08743228  -0.69954575
 -0.16781485   0.02008013
  0.06388998  -0.71967365
  0.09429975  -0.51059391
 -0.12644108   0.12981122
  0.41703484  -0.24187173
  0.08078631   0.73596872
 -0.30614370   0.06998404
  0.10662651  -0.82983891
 -0.11105181  -0.68694751
 -0.18373070  -0.24721686
  0.40033425   0.67831092
  0.59183438   0.28750651
 -0.12801167   0.62310706
  0.30527549  -0.00651569
  0.51784697  -0.62071497
  0.38257561   0.72250752
 -0.34179981  -0.38315636
  0.29204728   0.28038376
 -0.25668680  -0.13636085
 -0.41602476  -0.10560010
  0.04703803   0.46406198
  0.47957608  -0.57664691
  0.41486336   0.07377243
  0.06436930  -0.82662163
  0.40456698   0.49796911
  0.52687989  -0.55496575
  0.35601052   0.35958345
  0.46484745   0.45582747
  0.09913746  -0.44952373
  0.08532825   0.49593373
  0.58307609   0.06596433
 -0.55442677  -0.09574054
  0.39150242   0.44323282
  0.08841239   0.23994731
  0.08928026  -0.36236346
  0.36305596  -0.09133004
  0.23052756   0.45365155
  0.47232937   0.14806237
  0.39411273  -0.43518789
  0.24142327   0.26643794
  0.14979570  -0.82511874
  0.09065759  -0.47815764
  0.26809447  -0.36746885
  0.47274503  -0.08152256
  0.14750539   0.09735384
  0.73643225  -0.21948672
  0.46308010  -0.08156917
  0.20861203  -0.14856030
  0.35900303  -0.37463497
  0.19384826  -0.07155812
  0.76626794  -0.11060477
  0.43942075  -0.50313222
 -0.24338936  -0.06264817
  0.76255300   0.17703920
  0.21315482   0.61947386
 -0.17244109   0.23352881
 -0.27797314   0.22967451
 -0.00133431  -0.32907541
  0.84773371   0.49219809
 -0.15853598   0.45288854
  0.13699966   0.79191505
  0.91410478  -0.36223783
  0.65386865  -0.29816107
  0.38398591   0.11988017
  0.53578289   0.33041374
 -0.23770406   0.00697256
 -0.34613515  -0.55024431
  0.58401837   0.13915091
  0.03008051  -0.67258105
 -0.01499066   0.52925417
  0.38693430  -0.38732913
 -0.35671006   0.11153304
  0.28337448  -0.34415454
  0.70604474  -0.67443297
  0.19675861  -0.15493647
 -0.01942045   0.53994907
  0.59449870   0.02606247
 -0.44729369   0.19371653
 -0.27312892  -0.14098001
  0.39518526   0.56813074
  0.14087391   0.17042561
  0.41156547  -0.58094741
  0.02558677   0.09936060
 -0.40485675  -0.15274499
  0.62323361  -0.50210461
  0.62292425  -0.56596814
  0.53102609  -0.75270809
  0.56882394   0.14739649
  0.13302147  -0.03818837
  0.05299373  -0.73594807
  0.20602374  -0.35832273
  0.27155117  -0.10544299
  0.58061411  -0.55938060
  0.42857996   0.31496168
 -0.19404663  -0.62496387
 -0.34921582  -0.56096800
  0.11490980  -0.65922303
  0.57766458   0.31908612
  0.61409550  -0.06481098
 -0.15338246  -0.73555728
  0.39277786  -0.86095298
 -0.14885595  -0.03902603
 -0.31279903  -0.36107632
 -0.10193801   0.22194511
  0.01003626  -0.01719971
 -0.11396800  -0.19047872
 -0.22237557   0.53116220
 -0.05580086  -0.76776623
  0.45493766   0.17915068
  0.11171269   0.07870242
  0.30119762  -0.57380202
  0.26843877   0.35056603
  0.08384461   0.15145446
 -0.13654697   0.20107772
  0.53504893  -0.71962947
  0.12043524  -0.36651636
  0.09099192  -0.45085098
  0.33911995  -0.31698518
  0.47605477  -0.72154999
  0.85905678   0.30054016
  0.33155641   0.67271563
  0.10377934   0.09847567
  0.31474888  -0.55298344
 -0.41397462  -0.06446474
  0.58679333  -0.57164342
 -0.46596211  -0.04710788
  0.34668630   0.60715507
  0.57286055  -0.70271071
  0.24899460   0.74840770
  0.92405409   0.29455570
  0.32759853   0.64297789
  0.33328524  -0.00935259
  0.72508712   0.08551680
  0.43241622  -0.28916745
 -0.18601909  -0.67881662
 -0.18177166   0.54746428
  0.22147490  -0.80247425
 -0.18438319  -0.66128664
  0.82655495  -0.45945174
  0.56967991   0.04415817
  0.75039601   0.43164274
  0.11154496  -0.20971490
  0.23516833  -0.38004960
  0.59505705   0.53545768
  0.76771930   0.41042697
 -0.06626373  -0.38028508
 -0.09386418  -0.61911272
 -0.51682355  -0.23502192
  0.80898756   0.16685228
 -0.33686775  -0.09461286
  0.10656810  -0.37844521
  0.53086660   0.41285393
 -0.04956779   0.53766168
 -0.36710938   0.12461894
  0.48990149  -0.30647694
  0.05680428   0.04174063
  0.69065555  -0.48156519
  0.08795036  -0.57202945
 -0.28596911   0.34762831
  0.46584442  -0.17448289
  0.29998910   0.33249833
  0.10664638  -0.13969855
  0.46196892   0.78304191
  0.61579626  -0.54698687
 -0.27053885  -0.50182329
  0.09437464  -0.61117624
  0.23332942  -0.16260176
 -0.52729198  -0.09753595
 -0.55768853   0.06921580
 -0.22681914   0.15189987
 -0.00726790  -0.32822288
  0.52736642   0.30264639
  0.70983162   0.26620850
  0.29329111   0.19344548
 -0.24006030   0.14388859
 -0.15030278  -0.53827697
  0.31289694  -0.41980279
  0.29165819   0.85495763
  0.60154874   0.13102607
  0.35332067   0.84981141
  0.00980844  -0.23454969
  0.36730792   0.83378091
 -0.41552647  -0.10221582
  0.76317875  -0.12908223
  0.08568648  -0.59447325
  0.46478787  -0.43526663
 -0.12012065  -0.24562573
 -0.04041330   0.65024576
  0.83983085   0.49431042
  0.09148533  -0.43931634
  0.28741633  -0.79325783
  0.08446178  -0.45291382
  0.10982288   0.64969984
  0.81382431  -0.35246899
  0.16186448   0.76256110
 -0.50781989  -0.12861466
  0.36438592  -0.32793605
 -0.32986686   0.01291855
 -0.12312800  -0.67127182
 -0.32635393  -0.20080955
  0.75037802  -0.39561263
  0.04942512   0.44628581
  0.51068712  -0.42354966
  0.33482854   0.74388864
  0.70462665  -0.69724476
  0.37628241  -0.48943485
  0.20090629  -0.04259751
  0.81222806  -0.08652935
  0.12668254   0.30427311
 -0.50000735   0.12031469
 -0.23220471  -0.47705884
 -0.31600074   0.35015482
 -0.00567591  -0.00846260
  0.69272760  -0.28681676
  0.81890824  -0.33775682
  0.79493747  -0.35002766
  0.33836102   0.42632433
  0.13203777   0.24135581
  0.88003016   0.32487307
  0.25141178   0.14750763
  0.00647264  -0.46779332
  0.26320123   0.49633411
 -0.10660994  -0.30506508
 -0.45337681  -0.03321323
  0.47584919  -0.34115770
  0.07782757   0.30510901
  0.22126783  -0.55918184
 -0.52495512  -0.21578696
 -0.04671159  -0.08243869
  0.36821989   0.46222129
  0.31306785   0.43915177
  0.13697982   0.76181508
  0.47387634  -0.33938384
  0.01740284   0.58920865
 -0.31391740   0.57571909
  0.37780487  -0.83035285
  0.58518386   0.47891323
  0.67534376   0.66251700
 -0.22724959   0.22919648
  0.85537439  -0.35477688
  0.96784955  -0.04442658
  0.78515679  -0.08865589
  0.20863595  -0.81967061
  0.02148606  -0.58001229
  0.53013815  -0.75617301
  0.49848509   0.18275449
 -0.22044344  -0.60312513
  0.89058427   0.13889710
  0.46189584  -0.32139657
 -0.14292411   0.72061461
  0.12444624  -0.80853044
  0.32369190   0.25292713
 -0.53594509   0.12231397
  0.44913523  -0.52353541
  0.88409257   0.08232135
  0.46282269  -0.05058687
  0.16894156   0.09732036
  0.28000484   0.17869510
 -0.04003849   0.76233571
  0.65465715   0.15126484
 -0.25534892   0.02426866
  0.26949330   0.20387209
  0.14648632  -0.49823686
  0.32543836  -0.20811739
  0.44530266   0.35995016
  0.35531672   0.69477529
  0.35333525  -0.80052531
 -0.42531366   0.15067458
  0.24539962   0.14132809
  0.12700992  -0.24372552
 -0.47435893   0.23609150
 -0.06965833  -0.56303047
  0.43367920   0.37123597
  0.11409980   0.21863758
  0.02689881  -0.16638090
  0.11802462   0.49442004
 -0.46222515   0.07009267
  0.67092762  -0.59363011
 -0.02164212   0.01302937
 -0.05500622   0.00255621
  0.52404981   0.39520920
  0.83731943  -0.50454992
  0.17892571   0.74029740
  0.89400495  -0.36709491
 -0.47023828   0.12824288
  0.69838613   0.37565930
  0.15630478  -0.06576618
 -0.17216226  -0.71745023
  0.98024317  -0.09416128
  0.39534346  -0.58444271
  0.90375727  -0.01808474
 -0.40236586   0.13775135
  0.39682280  -0.18821211
 -0.47814036   0.18986371
  0.42535789   0.08822019
  0.11770191   0.02305636
 -0.06222397   0.66391808
  0.68738950  -0.15313020
  0.65276012   0.71038467
  0.97261195   0.10826168
  0.36124256   0.81827354
  0.17275460   0.05570660
  0.36163770   0.70354517
  0.76298382  -0.30051930
  0.32036463  -0.09977296
  0.87494371  -0.26359923
 -0.17377025  -0.37406122
  0.88347043   0.05187856
 -0.11401855  -0.06850856
  0.37401044  -0.54239665
  0.53760924  -0.53138985
  0.39796390  -0.03359260
 -0.05528575   0.61679769
  0.24180515  -0.82678475
  0.10100909   0.34580822
  0.24537142   0.85267649
 -0.02659784   0.56365192
 -0.33750816  -0.45810457
 -0.27844851  -0.42306626
  0.16876793   0.59480969
 -0.38403498   0.45744057
 -0.17851002  -0.13089129
 -0.00621453   0.60029737
  0.34916299  -0.29946364
  0.89122343  -0.18860790
 -0.09551072  -0.63219480
  0.84423416  -0.11477411
  0.03118572   0.18756248
 -0.41177031  -0.27858777
 -0.02185786   0.05240838
 -0.37606382  -0.14160592
 -0.18110486   0.40535078
  0.94970124   0.26314634
  0.70584222  -0.17100534
  0.15898303   0.40295443
 -0.42741400   0.27751546
  0.54911785   0.05716520
 -0.41842060   0.10146058
  0.90054794   0.00908705
  0.15110720  -0.22458338
 -0.21499588   0.51442831
  0.36910434   0.59832322
  0.72578156  -0.14609926
  0.35467046  -0.27888429
 -0.03804888   0.49183407
  0.11852995   0.66479214
 -0.01809060  -0.74034091
  0.14193828   0.24396172
 -0.07740503  -0.18161953
  0.02533805  -0.49589421
  0.34845250  -0.50848679
  0.32681192   0.73491303
  0.67277024  -0.46204270
  0.23313008   0.01062173
 -0.41318646   0.01027102
  0.03628488   0.47861119
 -0.06964633   0.69587708
 -0.03812430   0.04042400
 -0.02965564  -0.09443942
  0.10636848  -0.02191179
 -0.41627974   0.38463082
  0.57343384   0.44535036
 -0.45595573   0.38970690
 -0.10809984  -0.02493253
 -0.28352149  -0.15155633
 -0.10118295  -0.61245494
 -0.05938247   0.67799179
  0.66228300   0.09935698
  0.03824344  -0.78342478
  0.08258640   0.38829606
  0.53671814  -0.17766333
 -0.47051606  -0.10764316
  0.82486217  -0.06341014
  0.14622043  -0.29530821
  0.80796942   0.05210134
 -0.16661270  -0.10717315
  0.83947425   0.15435566
  0.05061019   0.18540856
  0.51926537  -0.46513060
  0.34765608   0.39629979
  0.65736493   0.17082584
 -0.12003286   0.12030040
 -0.10168426  -0.01564721
 -0.28046241  -0.23104424
 -0.21210081  -0.58085099
 -0.33511017  -0.50807086
 -0.05369933  -0.11681963
  0.33368347   0.64511289
 -0.24185254  -0.37844156
  0.27999607  -0.28999520
 -0.05319982  -0.25585268
  0.57501442  -0.33886675
  0.64886222   0.35648362
  0.37306581   0.73011286
 -0.06471714   0.14354147
  0.19499413   0.26242178
  0.34681167   0.03998965
 -0.42171982   0.38616415
 -0.29657211  -0.17787621
 -0.41212140  -0.24867846
  0.06274757  -0.68105441
 -0.55543711  -0.05578563
  0.35642236   0.11277607
 -0.36892942   0.26828932
  0.55686548  -0.59784927
  0.38586020  -0.09454784
  0.26359008  -0.27392922
 -0.07041051  -0.56821481
 -0.18303473  -0.16399262
  0.40803600   0.11700079
  0.25725490   0.84596179
  0.77957089   0.37916725
  0.26054455   0.17181695
 -0.08188492  -0.41927020
  0.03840927   0.48492593
  0.30517222  -0.34528649
  0.41812869   0.73689400
  0.30290931  -0.06199077
 -0.35618423  -0.47970731
 -0.06081747  -0.72957186
  0.80979098   0.19653496
  0.58997357   0.46585439
  0.78913812  -0.26300262
 -0.23105277  -0.01106916
  0.16117821   0.13357258
  0.28032994  -0.27099566
 -0.19117402   0.31549257
 -0.09238827   0.19057758
  0.21911436  -0.19151325
  0.50992612  -0.56969135
  0.45910574  -0.24068165
  0.60457599  -0.23190039
 -0.38013549  -0.35129337
  0.65160110  -0.33443613
  0.28699099  -0.04703118
 -0.19093697   0.07989571
  0.67998076   0.27852549
  0.47722367  -0.36094803
  0.66276746  -0.46062757
  0.75337713  -0.01901627
 -0.18097094  -0.12289589
  0.23774031  -0.70273147
  0.43306363  -0.06438501
  0.68265964   0.35135685
  0.34874060   0.23109845
 -0.08059239   0.07148827
  0.71338703  -0.02509789
 -0.03644188   0.29528866
  0.31354374  -0.77034282
  0.76835824  -0.12457747
  0.15263522  -0.34009812
  0.61644133   0.66025118
  0.35779337  -0.00512796
 -0.28842993  -0.24435690
  0.36136088   0.31168652
  0.06429700   0.09059587
  0.42123522   0.63099603
  0.58940305   0.21594894
 -0.14443202  -0.21522056
  0.39852382   0.05370981
  0.53421587  -0.26746165
  0.07069107   0.79539014
 -0.22407708   0.07546369
  0.64535233   0.73053050
  0.54617421   0.02721236
 -0.56623267   0.26632690
  0.15502072  -0.30038081
  0.05309689   0.87196784
