500
 -0.60000000   0.30000000
 -0.59800000   0.30000000
 -0.59600000   0.30000000
 -0.59400000   0.30000000
 -0.59200000   0.30000000
 -0.59000000   0.30000000
 -0.58800000   0.30000000
 -0.58600000   0.30000000
 -0.58400000   0.30000000
 -0.58200000   0.30000000
 -0.58000000   0.30000000
 -0.57800000   0.30000000
 -0.57600000   0.30000000
 -0.57400000   0.30000000
 -0.57200000   0.30000000
 -0.57000000   0.30000000
 -0.56800000   0.30000000
 -0.56600000   0.30000000
 -0.56400000   0.30000000
 -0.56200000   0.30000000
 -0.56000000   0.30000000
 -0.55800000   0.30000000
 -0.55600000   0.30000000
 -0.55400000   0.30000000
 -0.55200000   0.30000000
 -0.55000000   0.30000000
 -0.54800000   0.30000000
 -0.54600000   0.30000000
 -0.54400000   0.30000000
 -0.54200000   0.30000000
 -0.54000000   0.30000000
 -0.53800000   0.30000000
 -0.53600000   0.30000000
 -0.53400000   0.30000000
 -0.53200000   0.30000000
 -0.53000000   0.30000000
 -0.52800000   0.30000000
 -0.52600000   0.30000000
 -0.52400000   0.30000000
 -0.52200000   0.30000000
 -0.52000000   0.30000000
 -0.51800000   0.30000000
 -0.51600000   0.30000000
 -0.51400000   0.30000000
 -0.51200000   0.30000000
 -0.51000000   0.30000000
 -0.50800000   0.30000000
 -0.50600000   0.30000000
 -0.50400000   0.30000000
 -0.50200000   0.30000000
 -0.50000000   0.30000000
 -0.49800000   0.30000000
 -0.49600000   0.30000000
 -0.49400000   0.30000000
 -0.49200000   0.30000000
 -0.49000000   0.30000000
 -0.48800000   0.30000000
 -0.48600000   0.30000000
 -0.48400000   0.30000000
 -0.48200000   0.30000000
 -0.48000000   0.30000000
 -0.47800000   0.30000000
 -0.47600000   0.30000000
 -0.47400000   0.30000000
 -0.47200000   0.30000000
 -0.47000000   0.30000000
 -0.46800000   0.30000000
 -0.46600000   0.30000000
 -0.46400000   0.30000000
 -0.46200000   0.30000000
 -0.46000000   0.30000000
 -0.45800000   0.30000000
 -0.45600000   0.30000000
 -0.45400000   0.30000000
 -0.45200000   0.30000000
 -0.45000000   0.30000000
 -0.44800000   0.30000000
 -0.44600000   0.30000000
 -0.44400000   0.30000000
 -0.44200000   0.30000000
 -0.44000000   0.30000000
 -0.43800000   0.30000000
 -0.43600000   0.30000000
 -0.43400000   0.30000000
 -0.43200000   0.30000000
 -0.43000000   0.30000000
 -0.42800000   0.30000000
 -0.42600000   0.30000000
 -0.42400000   0.30000000
 -0.42200000   0.30000000
 -0.42000000   0.30000000
 -0.41800000   0.30000000
 -0.41600000   0.30000000
 -0.41400000   0.30000000
 -0.41200000   0.30000000
 -0.41000000   0.30000000
 -0.40800000   0.30000000
 -0.40600000   0.30000000
 -0.40400000   0.30000000
 -0.40200000   0.30000000
 -0.40000000   0.30000000
 -0.39800000   0.30000000
 -0.39600000   0.30000000
 -0.39400000   0.30000000
 -0.39200000   0.30000000
 -0.39000000   0.30000000
 -0.38800000   0.30000000
 -0.38600000   0.30000000
 -0.38400000   0.30000000
 -0.38200000   0.30000000
 -0.38000000   0.30000000
 -0.37800000   0.30000000
 -0.37600000   0.30000000
 -0.37400000   0.30000000
 -0.37200000   0.30000000
 -0.37000000   0.30000000
 -0.36800000   0.30000000
 -0.36600000   0.30000000
 -0.36400000   0.30000000
 -0.36200000   0.30000000
 -0.36000000   0.30000000
 -0.35800000   0.30000000
 -0.35600000   0.30000000
 -0.35400000   0.30000000
 -0.35200000   0.30000000
 -0.35000000   0.30000000
 -0.34800000   0.30000000
 -0.34600000   0.30000000
 -0.34400000   0.30000000
 -0.34200000   0.30000000
 -0.34000000   0.30000000
 -0.33800000   0.30000000
 -0.33600000   0.30000000
 -0.33400000   0.30000000
 -0.33200000   0.30000000
 -0.33000000   0.30000000
 -0.32800000   0.30000000
 -0.32600000   0.30000000
 -0.32400000   0.30000000
 -0.32200000   0.30000000
 -0.32000000   0.30000000
 -0.31800000   0.30000000
 -0.31600000   0.30000000
 -0.31400000   0.30000000
 -0.31200000   0.30000000
 -0.31000000   0.30000000
 -0.30800000   0.30000000
 -0.30600000   0.30000000
 -0.30400000   0.30000000
 -0.30200000   0.30000000
 -0.30000000   0.30000000
 -0.29800000   0.30000000
 -0.29600000   0.30000000
 -0.29400000   0.30000000
 -0.29200000   0.30000000
 -0.29000000   0.30000000
 -0.28800000   0.30000000
 -0.28600000   0.30000000
 -0.28400000   0.30000000
 -0.28200000   0.30000000
 -0.28000000   0.30000000
 -0.27800000   0.30000000
 -0.27600000   0.30000000
 -0.27400000   0.30000000
 -0.27200000   0.30000000
 -0.27000000   0.30000000
 -0.26800000   0.30000000
 -0.26600000   0.30000000
 -0.26400000   0.30000000
 -0.26200000   0.30000000
 -0.26000000   0.30000000
 -0.25800000   0.30000000
 -0.25600000   0.30000000
 -0.25400000   0.30000000
 -0.25200000   0.30000000
 -0.25000000   0.30000000
 -0.24800000   0.30000000
 -0.24600000   0.30000000
 -0.24400000   0.30000000
 -0.24200000   0.30000000
 -0.24000000   0.30000000
 -0.23800000   0.30000000
 -0.23600000   0.30000000
 -0.23400000   0.30000000
 -0.23200000   0.30000000
 -0.23000000   0.30000000
 -0.22800000   0.30000000
 -0.22600000   0.30000000
 -0.22400000   0.30000000
 -0.22200000   0.30000000
 -0.22000000   0.30000000
 -0.21800000   0.30000000
 -0.21600000   0.30000000
 -0.21400000   0.30000000
 -0.21200000   0.30000000
 -0.21000000   0.30000000
 -0.20800000   0.30000000
 -0.20600000   0.30000000
 -0.20400000   0.30000000
 -0.20200000   0.30000000
 -0.20000000   0.30000000
 -0.19800000   0.30000000
 -0.19600000   0.30000000
 -0.19400000   0.30000000
 -0.19200000   0.30000000
 -0.19000000   0.30000000
 -0.18800000   0.30000000
 -0.18600000   0.30000000
 -0.18400000   0.30000000
 -0.18200000   0.30000000
 -0.18000000   0.30000000
 -0.17800000   0.30000000
 -0.17600000   0.30000000
 -0.17400000   0.30000000
 -0.17200000   0.30000000
 -0.17000000   0.30000000
 -0.16800000   0.30000000
 -0.16600000   0.30000000
 -0.16400000   0.30000000
 -0.16200000   0.30000000
 -0.16000000   0.30000000
 -0.15800000   0.30000000
 -0.15600000   0.30000000
 -0.15400000   0.30000000
 -0.15200000   0.30000000
 -0.15000000   0.30000000
 -0.14800000   0.30000000
 -0.14600000   0.30000000
 -0.14400000   0.30000000
 -0.14200000   0.30000000
 -0.14000000   0.30000000
 -0.13800000   0.30000000
 -0.13600000   0.30000000
 -0.13400000   0.30000000
 -0.13200000   0.30000000
 -0.13000000   0.30000000
 -0.12800000   0.30000000
 -0.12600000   0.30000000
 -0.12400000   0.30000000
 -0.12200000   0.30000000
 -0.12000000   0.30000000
 -0.11800000   0.30000000
 -0.11600000   0.30000000
 -0.11400000   0.30000000
 -0.11200000   0.30000000
 -0.11000000   0.30000000
 -0.10800000   0.30000000
 -0.10600000   0.30000000
 -0.10400000   0.30000000
 -0.10200000   0.30000000
 -0.10000000   0.30000000
 -0.09800000   0.30000000
 -0.09600000   0.30000000
 -0.09400000   0.30000000
 -0.09200000   0.30000000
 -0.09000000   0.30000000
 -0.08800000   0.30000000
 -0.08600000   0.30000000
 -0.08400000   0.30000000
 -0.08200000   0.30000000
 -0.08000000   0.30000000
 -0.07800000   0.30000000
 -0.07600000   0.30000000
 -0.07400000   0.30000000
 -0.07200000   0.30000000
 -0.07000000   0.30000000
 -0.06800000   0.30000000
 -0.06600000   0.30000000
 -0.06400000   0.30000000
 -0.06200000   0.30000000
 -0.06000000   0.30000000
 -0.05800000   0.30000000
 -0.05600000   0.30000000
 -0.05400000   0.30000000
 -0.05200000   0.30000000
 -0.05000000   0.30000000
 -0.04800000   0.30000000
 -0.04600000   0.30000000
 -0.04400000   0.30000000
 -0.04200000   0.30000000
 -0.04000000   0.30000000
 -0.03800000   0.30000000
 -0.03600000   0.30000000
 -0.03400000   0.30000000
 -0.03200000   0.30000000
 -0.03000000   0.30000000
 -0.02800000   0.30000000
 -0.02600000   0.30000000
 -0.02400000   0.30000000
 -0.02200000   0.30000000
 -0.02000000   0.30000000
 -0.01800000   0.30000000
 -0.01600000   0.30000000
 -0.01400000   0.30000000
 -0.01200000   0.30000000
 -0.01000000   0.30000000
 -0.00800000   0.30000000
 -0.00600000   0.30000000
 -0.00400000   0.30000000
 -0.00200000   0.30000000
  0.00000000   0.30000000
  0.00200000   0.30000000
  0.00400000   0.30000000
  0.00600000   0.30000000
  0.00800000   0.30000000
  0.01000000   0.30000000
  0.01200000   0.30000000
  0.01400000   0.30000000
  0.01600000   0.30000000
  0.01800000   0.30000000
  0.02000000   0.30000000
  0.02200000   0.30000000
  0.02400000   0.30000000
  0.02600000   0.30000000
  0.02800000   0.30000000
  0.03000000   0.30000000
  0.03200000   0.30000000
  0.03400000   0.30000000
  0.03600000   0.30000000
  0.03800000   0.30000000
  0.04000000   0.30000000
  0.04200000   0.30000000
  0.04400000   0.30000000
  0.04600000   0.30000000
  0.04800000   0.30000000
  0.05000000   0.30000000
  0.05200000   0.30000000
  0.05400000   0.30000000
  0.05600000   0.30000000
  0.05800000   0.30000000
  0.06000000   0.30000000
  0.06200000   0.30000000
  0.06400000   0.30000000
  0.06600000   0.30000000
  0.06800000   0.30000000
  0.07000000   0.30000000
  0.07200000   0.30000000
  0.07400000   0.30000000
  0.07600000   0.30000000
  0.07800000   0.30000000
  0.08000000   0.30000000
  0.08200000   0.30000000
  0.08400000   0.30000000
  0.08600000   0.30000000
  0.08800000   0.30000000
  0.09000000   0.30000000
  0.09200000   0.30000000
  0.09400000   0.30000000
  0.09600000   0.30000000
  0.09800000   0.30000000
  0.10000000   0.30000000
  0.10200000   0.30000000
  0.10400000   0.30000000
  0.10600000   0.30000000
  0.10800000   0.30000000
  0.11000000   0.30000000
  0.11200000   0.30000000
  0.11400000   0.30000000
  0.11600000   0.30000000
  0.11800000   0.30000000
  0.12000000   0.30000000
  0.12200000   0.30000000
  0.12400000   0.30000000
  0.12600000   0.30000000
  0.12800000   0.30000000
  0.13000000   0.30000000
  0.13200000   0.30000000
  0.13400000   0.30000000
  0.13600000   0.30000000
  0.13800000   0.30000000
  0.14000000   0.30000000
  0.14200000   0.30000000
  0.14400000   0.30000000
  0.14600000   0.30000000
  0.14800000   0.30000000
  0.15000000   0.30000000
  0.15200000   0.30000000
  0.15400000   0.30000000
  0.15600000   0.30000000
  0.15800000   0.30000000
  0.16000000   0.30000000
  0.16200000   0.30000000
  0.16400000   0.30000000
  0.16600000   0.30000000
  0.16800000   0.30000000
  0.17000000   0.30000000
  0.17200000   0.30000000
  0.17400000   0.30000000
  0.17600000   0.30000000
  0.17800000   0.30000000
  0.18000000   0.30000000
  0.18200000   0.30000000
  0.18400000   0.30000000
  0.18600000   0.30000000
  0.18800000   0.30000000
  0.19000000   0.30000000
  0.19200000   0.30000000
  0.19400000   0.30000000
  0.19600000   0.30000000
  0.19800000   0.30000000
  0.20000000   0.30000000
  0.20200000   0.30000000
  0.20400000   0.30000000
  0.20600000   0.30000000
  0.20800000   0.30000000
  0.21000000   0.30000000
  0.21200000   0.30000000
  0.21400000   0.30000000
  0.21600000   0.30000000
  0.21800000   0.30000000
  0.22000000   0.30000000
  0.22200000   0.30000000
  0.22400000   0.30000000
  0.22600000   0.30000000
  0.22800000   0.30000000
  0.23000000   0.30000000
  0.23200000   0.30000000
  0.23400000   0.30000000
  0.23600000   0.30000000
  0.23800000   0.30000000
  0.24000000   0.30000000
  0.24200000   0.30000000
  0.24400000   0.30000000
  0.24600000   0.30000000
  0.24800000   0.30000000
  0.25000000   0.30000000
  0.25200000   0.30000000
  0.25400000   0.30000000
  0.25600000   0.30000000
  0.25800000   0.30000000
  0.26000000   0.30000000
  0.26200000   0.30000000
  0.26400000   0.30000000
  0.26600000   0.30000000
  0.26800000   0.30000000
  0.27000000   0.30000000
  0.27200000   0.30000000
  0.27400000   0.30000000
  0.27600000   0.30000000
  0.27800000   0.30000000
  0.28000000   0.30000000
  0.28200000   0.30000000
  0.28400000   0.30000000
  0.28600000   0.30000000
  0.28800000   0.30000000
  0.29000000   0.30000000
  0.29200000   0.30000000
  0.29400000   0.30000000
  0.29600000   0.30000000
  0.29800000   0.30000000
  0.30000000   0.30000000
  0.30200000   0.30000000
  0.30400000   0.30000000
  0.30600000   0.30000000
  0.30800000   0.30000000
  0.31000000   0.30000000
  0.31200000   0.30000000
  0.31400000   0.30000000
  0.31600000   0.30000000
  0.31800000   0.30000000
  0.32000000   0.30000000
  0.32200000   0.30000000
  0.32400000   0.30000000
  0.32600000   0.30000000
  0.32800000   0.30000000
  0.33000000   0.30000000
  0.33200000   0.30000000
  0.33400000   0.30000000
  0.33600000   0.30000000
  0.33800000   0.30000000
  0.34000000   0.30000000
  0.34200000   0.30000000
  0.34400000   0.30000000
  0.34600000   0.30000000
  0.34800000   0.30000000
  0.35000000   0.30000000
  0.35200000   0.30000000
  0.35400000   0.30000000
  0.35600000   0.30000000
  0.35800000   0.30000000
  0.36000000   0.30000000
  0.36200000   0.30000000
  0.36400000   0.30000000
  0.36600000   0.30000000
  0.36800000   0.30000000
  0.37000000   0.30000000
  0.37200000   0.30000000
  0.37400000   0.30000000
  0.37600000   0.30000000
  0.37800000   0.30000000
  0.38000000   0.30000000
  0.38200000   0.30000000
  0.38400000   0.30000000
  0.38600000   0.30000000
  0.38800000   0.30000000
  0.39000000   0.30000000
  0.39200000   0.30000000
  0.39400000   0.30000000
  0.39600000   0.30000000
  0.39800000   0.30000000
