250
 -0.20000000   0.25000000
 -0.19600000   0.25000000
 -0.19200000   0.25000000
 -0.18800000   0.25000000
 -0.18400000   0.25000000
 -0.18000000   0.25000000
 -0.17600000   0.25000000
 -0.17200000   0.25000000
 -0.16800000   0.25000000
 -0.16400000   0.25000000
 -0.16000000   0.25000000
 -0.15600000   0.25000000
 -0.15200000   0.25000000
 -0.14800000   0.25000000
 -0.14400000   0.25000000
 -0.14000000   0.25000000
 -0.13600000   0.25000000
 -0.13200000   0.25000000
 -0.12800000   0.25000000
 -0.12400000   0.25000000
 -0.12000000   0.25000000
 -0.11600000   0.25000000
 -0.11200000   0.25000000
 -0.10800000   0.25000000
 -0.10400000   0.25000000
 -0.10000000   0.25000000
 -0.09600000   0.25000000
 -0.09200000   0.25000000
 -0.08800000   0.25000000
 -0.08400000   0.25000000
 -0.08000000   0.25000000
 -0.07600000   0.25000000
 -0.07200000   0.25000000
 -0.06800000   0.25000000
 -0.06400000   0.25000000
 -0.06000000   0.25000000
 -0.05600000   0.25000000
 -0.05200000   0.25000000
 -0.04800000   0.25000000
 -0.04400000   0.25000000
 -0.04000000   0.25000000
 -0.03600000   0.25000000
 -0.03200000   0.25000000
 -0.02800000   0.25000000
 -0.02400000   0.25000000
 -0.02000000   0.25000000
 -0.01600000   0.25000000
 -0.01200000   0.25000000
 -0.00800000   0.25000000
 -0.00400000   0.25000000
  0.00000000   0.25000000
  0.00400000   0.25000000
  0.00800000   0.25000000
  0.01200000   0.25000000
  0.01600000   0.25000000
  0.02000000   0.25000000
  0.02400000   0.25000000
  0.02800000   0.25000000
  0.03200000   0.25000000
  0.03600000   0.25000000
  0.04000000   0.25000000
  0.04400000   0.25000000
  0.04800000   0.25000000
  0.05200000   0.25000000
  0.05600000   0.25000000
  0.06000000   0.25000000
  0.06400000   0.25000000
  0.06800000   0.25000000
  0.07200000   0.25000000
  0.07600000   0.25000000
  0.08000000   0.25000000
  0.08400000   0.25000000
  0.08800000   0.25000000
  0.09200000   0.25000000
  0.09600000   0.25000000
  0.10000000   0.25000000
  0.10400000   0.25000000
  0.10800000   0.25000000
  0.11200000   0.25000000
  0.11600000   0.25000000
  0.12000000   0.25000000
  0.12400000   0.25000000
  0.12800000   0.25000000
  0.13200000   0.25000000
  0.13600000   0.25000000
  0.14000000   0.25000000
  0.14400000   0.25000000
  0.14800000   0.25000000
  0.15200000   0.25000000
  0.15600000   0.25000000
  0.16000000   0.25000000
  0.16400000   0.25000000
  0.16800000   0.25000000
  0.17200000   0.25000000
  0.17600000   0.25000000
  0.18000000   0.25000000
  0.18400000   0.25000000
  0.18800000   0.25000000
  0.19200000   0.25000000
  0.19600000   0.25000000
  0.20000000   0.25000000
  0.20400000   0.25000000
  0.20800000   0.25000000
  0.21200000   0.25000000
  0.21600000   0.25000000
  0.22000000   0.25000000
  0.22400000   0.25000000
  0.22800000   0.25000000
  0.23200000   0.25000000
  0.23600000   0.25000000
  0.24000000   0.25000000
  0.24400000   0.25000000
  0.24800000   0.25000000
  0.25200000   0.25000000
  0.25600000   0.25000000
  0.26000000   0.25000000
  0.26400000   0.25000000
  0.26800000   0.25000000
  0.27200000   0.25000000
  0.27600000   0.25000000
  0.28000000   0.25000000
  0.28400000   0.25000000
  0.28800000   0.25000000
  0.29200000   0.25000000
  0.29600000   0.25000000
  0.30000000   0.25000000
  0.30400000   0.25000000
  0.30800000   0.25000000
  0.31200000   0.25000000
  0.31600000   0.25000000
  0.32000000   0.25000000
  0.32400000   0.25000000
  0.32800000   0.25000000
  0.33200000   0.25000000
  0.33600000   0.25000000
  0.34000000   0.25000000
  0.34400000   0.25000000
  0.34800000   0.25000000
  0.35200000   0.25000000
  0.35600000   0.25000000
  0.36000000   0.25000000
  0.36400000   0.25000000
  0.36800000   0.25000000
  0.37200000   0.25000000
  0.37600000   0.25000000
  0.38000000   0.25000000
  0.38400000   0.25000000
  0.38800000   0.25000000
  0.39200000   0.25000000
  0.39600000   0.25000000
  0.40000000   0.25000000
  0.40400000   0.25000000
  0.40800000   0.25000000
  0.41200000   0.25000000
  0.41600000   0.25000000
  0.42000000   0.25000000
  0.42400000   0.25000000
  0.42800000   0.25000000
  0.43200000   0.25000000
  0.43600000   0.25000000
  0.44000000   0.25000000
  0.44400000   0.25000000
  0.44800000   0.25000000
  0.45200000   0.25000000
  0.45600000   0.25000000
  0.46000000   0.25000000
  0.46400000   0.25000000
  0.46800000   0.25000000
  0.47200000   0.25000000
  0.47600000   0.25000000
  0.48000000   0.25000000
  0.48400000   0.25000000
  0.48800000   0.25000000
  0.49200000   0.25000000
  0.49600000   0.25000000
  0.50000000   0.25000000
  0.50400000   0.25000000
  0.50800000   0.25000000
  0.51200000   0.25000000
  0.51600000   0.25000000
  0.52000000   0.25000000
  0.52400000   0.25000000
  0.52800000   0.25000000
  0.53200000   0.25000000
  0.53600000   0.25000000
  0.54000000   0.25000000
  0.54400000   0.25000000
  0.54800000   0.25000000
  0.55200000   0.25000000
  0.55600000   0.25000000
  0.56000000   0.25000000
  0.56400000   0.25000000
  0.56800000   0.25000000
  0.57200000   0.25000000
  0.57600000   0.25000000
  0.58000000   0.25000000
  0.58400000   0.25000000
  0.58800000   0.25000000
  0.59200000   0.25000000
  0.59600000   0.25000000
  0.60000000   0.25000000
  0.60400000   0.25000000
  0.60800000   0.25000000
  0.61200000   0.25000000
  0.61600000   0.25000000
  0.62000000   0.25000000
  0.62400000   0.25000000
  0.62800000   0.25000000
  0.63200000   0.25000000
  0.63600000   0.25000000
  0.64000000   0.25000000
  0.64400000   0.25000000
  0.64800000   0.25000000
  0.65200000   0.25000000
  0.65600000   0.25000000
  0.66000000   0.25000000
  0.66400000   0.25000000
  0.66800000   0.25000000
  0.67200000   0.25000000
  0.67600000   0.25000000
  0.68000000   0.25000000
  0.68400000   0.25000000
  0.68800000   0.25000000
  0.69200000   0.25000000
  0.69600000   0.25000000
  0.70000000   0.25000000
  0.70400000   0.25000000
  0.70800000   0.25000000
  0.71200000   0.25000000
  0.71600000   0.25000000
  0.72000000   0.25000000
  0.72400000   0.25000000
  0.72800000   0.25000000
  0.73200000   0.25000000
  0.73600000   0.25000000
  0.74000000   0.25000000
  0.74400000   0.25000000
  0.74800000   0.25000000
  0.75200000   0.25000000
  0.75600000   0.25000000
  0.76000000   0.25000000
  0.76400000   0.25000000
  0.76800000   0.25000000
  0.77200000   0.25000000
  0.77600000   0.25000000
  0.78000000   0.25000000
  0.78400000   0.25000000
  0.78800000   0.25000000
  0.79200000   0.25000000
  0.79600000   0.25000000
