100
 -0.3844049313   0.4827271221
 -0.2563508563  -0.5287609916
  0.8313401637  -0.4005850737
  0.2453345835  -0.5857156445
 -0.1292875852  -0.5111977815
 -0.4922837306   0.1567836656
  0.3876463774  -0.5739844293
  0.6897105949   0.6242148623
 -0.3624502664   0.5141624513
 -0.4524758817  -0.1566324799
  0.0750633951  -0.5918491545
 -0.1812347030   0.7007606498
  0.3607499581  -0.5171940503
 -0.4575258594   0.2828287308
  0.0113905138   0.7719387401
  0.1544038967  -0.6128412811
  0.0926673744   0.7830198096
  0.0358571474  -0.5998712265
  0.8782075749  -0.0769726386
  0.1543750939  -0.5831778223
  0.7142729406  -0.3993019259
  0.3391346638   0.7800215255
 -0.0476995313  -0.5482077678
  0.8272193734   0.4211049965
  0.2653448373   0.7847948090
  0.8289380514   0.4225655823
  0.7257117771   0.4704750531
  0.5387175745  -0.5471947178
  0.7932325813  -0.1363041972
  0.7117897602  -0.3796221878
 -0.3031782710   0.6438743462
 -0.4426516588  -0.1865082518
  0.1319647238   0.7901629160
  0.8596350071   0.2889284372
 -0.2981825419  -0.3723657097
 -0.4692308143   0.2845139828
  0.6778848956   0.0471608640
  0.2631088461   0.8022172284
 -0.4477863969   0.2728838846
  0.7636476530  -0.2576864319
 -0.5013175710   0.2071168428
  0.2436501420   0.7593433329
 -0.4446800646  -0.1710326035
 -0.4215167082  -0.2525536445
  0.4626003448  -0.5554849431
 -0.3221349557   0.5771499835
  0.6298912377  -0.4663694526
  0.3812554860   0.7770853533
  0.6113717730  -0.4506451775
  0.4882462626  -0.5482616391
 -0.3565265680  -0.3172814616
  0.4522254511  -0.5491820727
  0.5827611350  -0.5020107130
  0.7016508813  -0.3889906193
  0.3304013985   0.7863670398
  0.2894398781   0.7912367875
 -0.4687738347  -0.0960716363
 -0.2480092197   0.6492877077
  0.6641177022  -0.4329090026
  0.0133676374  -0.6259093516
  0.3371392435  -0.5867484155
  0.8362253850  -0.2095274372
 -0.2372349855   0.6475686452
  0.8489131647   0.3452525791
 -0.4867190943  -0.0240057110
 -0.0830776315  -0.5620093730
  0.6446342574  -0.4477088946
  0.4022251319  -0.5727259564
  0.8797438064   0.2826898678
 -0.4906428616   0.1533797662
 -0.4279965031   0.3651993069
 -0.3608965777   0.5025532547
 -0.4391830232  -0.2373407732
 -0.4063926571   0.4515074673
  0.8980450846  -0.0506629542
  0.0587778241  -0.5881732476
  0.9018677857   0.1596741774
  0.2534775256   0.7669174023
  0.8831945850   0.2670724239
  0.5573573158   0.7041497621
  0.6672439295   0.6173934791
 -0.1025993473  -0.5400333899
 -0.0486304842  -0.5654118313
  0.8055984996   0.4013887236
  0.2991903489  -0.5841383797
 -0.1877375948   0.6865069423
  0.6776661110   0.6145463605
 -0.2849916145   0.5906437123
 -0.3766028825  -0.3716346305
  0.9012910469   0.2047790943
 -0.3064207841  -0.3598143255
  0.8733950161  -0.0926745129
  0.8426039508  -0.2307764039
 -0.3680615336   0.5011283052
  0.7612357140   0.4852221821
  0.7341022225   0.5312297755
  0.8588867756   0.3348587745
 -0.4791876477  -0.1181206349
  0.8117709748   0.4291171024
 -0.3292684241  -0.3608865470
