1000
  0.6247026625   0.0871742414
 -0.0705280634   0.7136239756
 -0.4297586429   0.0448858052
  0.6188757475   0.0495506307
  0.1502142533  -0.3506184508
  0.4783833612  -0.1931874101
  0.1649962114  -0.3509857304
  0.4911805045  -0.1999718537
  0.5107685381  -0.2215786804
  0.5651971771  -0.0932170301
  0.5767253967   0.4648053302
  0.6421048858   0.1028473398
 -0.4338922670   0.1542457150
  0.4911472320   0.6074398018
  0.2670766018   0.7139920602
 -0.3270812713  -0.1406909860
  0.3376834642   0.6905082958
  0.3078258610   0.7222093188
 -0.4580859447   0.2208159542
  0.0550789611   0.7351092387
  0.2869445878   0.7218036087
 -0.3961038982   0.4778320619
  0.6000966591   0.4621577353
  0.5416397393  -0.0986156643
 -0.3267921192  -0.1337838353
  0.4035374223   0.6582098367
  0.2780164692   0.7182649865
 -0.1316440270  -0.3149513990
 -0.2466453365  -0.2149126022
  0.4372369883  -0.2345089905
  0.5344723382  -0.0938753954
  0.1675932679   0.7463304576
  0.2545386820  -0.3280809531
  0.2823264569   0.7095266556
 -0.3098328050   0.5502112165
  0.2701811550  -0.3434459629
 -0.3153999187  -0.1662455603
 -0.1567975318   0.6752430971
  0.3460874640   0.5623706335
  0.4146455708  -0.2966608792
 -0.2999272698  -0.1703000651
  0.4362006834   0.6330752552
 -0.3383107805   0.5223307738
 -0.4197710548   0.3881764624
 -0.2823883268  -0.1971561912
 -0.3100647992   0.5469347648
  0.4147554758   0.6457099984
 -0.0301380186  -0.3249111205
  0.5510471338  -0.0988902770
  0.4060844688   0.6446889769
 -0.3573796061   0.5059063273
  0.3418220105  -0.3028533518
  0.0947498989  -0.3529848097
  0.5935978760   0.4275995969
  0.0819957750  -0.3436439761
 -0.4028490902  -0.0615570363
  0.5825532286   0.4462642454
 -0.4340925942   0.3122905958
 -0.1138927193   0.6989189075
 -0.3403744299  -0.0744605030
  0.6688768840   0.1256001312
  0.2482950662  -0.3237099138
  0.6301832913   0.1123641289
  0.2191015846   0.7501616406
  0.5996480146  -0.0144300534
  0.0661365180  -0.3360670432
  0.5199636383   0.5560894156
  0.6175553331   0.0361417061
 -0.4477975022   0.2070740032
 -0.0393219172   0.7376538811
  0.1474372206   0.7463130879
 -0.4137062199   0.0612612400
  0.5701281890   0.4875762227
  0.5128801304   0.5677547743
 -0.3910288843  -0.1023861288
  0.3702322842  -0.2710840595
  0.5823156958  -0.1377634053
 -0.3659689773   0.4925519961
 -0.3205309973   0.5516947119
  0.6083173844  -0.0439829647
  0.4717002209   0.6075210863
 -0.3666311346   0.4868471375
  0.0248808962   0.7419805006
  0.4289257190   0.6415311281
  0.5023260599  -0.1824827849
  0.1277943428  -0.3516214741
 -0.1317406364   0.7370217961
  0.5653120218   0.5602004109
 -0.4270528325   0.3555231648
 -0.2794023859  -0.1968072496
 -0.2441619867   0.6346083306
  0.2247796294  -0.3552191856
  0.2562907010  -0.3303391144
  0.3618581364  -0.3094210596
  0.6005440337  -0.0065438615
 -0.4089194277   0.3232355116
  0.5315628650  -0.1591199991
  0.5260864603   0.6449990792
  0.4354100683   0.6432292257
 -0.2760180506  -0.2024974646
 -0.2508922363  -0.2226532477
 -0.1616645902   0.6828743484
 -0.1296677596   0.7044896357
 -0.3689964270  -0.0860920816
  0.2116179066  -0.3534673951
  0.1400687849   0.7456806719
 -0.3799021587   0.4610511460
  0.5565853953  -0.0985615811
 -0.4666068095   0.2921696352
  0.6350713638   0.3194995727
  0.3050304334   0.7191537712
 -0.4437069086   0.1639288128
  0.6477392868   0.2469920925
 -0.1981211095   0.6584040653
  0.0086267154   0.7508074315
 -0.0598133270  -0.3305862315
  0.6446403837   0.2721736656
 -0.4309871405   0.3466678708
  0.1868251402   0.7450443929
  0.5868561552   0.4673474387
 -0.2940439495  -0.1858511038
  0.2342191621  -0.3496365952
 -0.4307461979   0.3509046972
  0.0401421097   0.7628137549
 -0.2632364600   0.6122033573
 -0.4263445934   0.0540782840
  0.4483753487  -0.2178050161
 -0.2076849888   0.6347143838
  0.2850787936  -0.3121763267
  0.2025808747  -0.3545417350
  0.0416539963   0.7388134171
  0.0712503012  -0.3335145789
 -0.3416336794   0.5337633951
  0.6066179169  -0.0265533724
  0.6626747410   0.1360263168
  0.4678590065  -0.1973484520
 -0.4607221429   0.1808863039
  0.6183749989  -0.0072236723
  0.1372534028  -0.3654816323
 -0.4499785345   0.3212082061
  0.1666459662  -0.3527904447
  0.4524975020   0.6303010725
 -0.4491518908   0.2238317682
 -0.0854724504  -0.3038239905
  0.6747642364   0.2037673986
  0.5529360470  -0.1069372432
 -0.2106145969  -0.2452969867
 -0.1303478536   0.6910222268
  0.0684506202  -0.3518463403
 -0.4297595173   0.3167958598
 -0.3919388076  -0.0497981970
 -0.4421453650   0.0649269535
 -0.4312341060   0.0558342744
 -0.2348710944  -0.2423220734
 -0.2602699566   0.5891461164
 -0.2245324182   0.6243481997
  0.2484320255  -0.3285635488
 -0.4451356004   0.0959927111
 -0.1744959645  -0.2793824621
 -0.3905586272   0.0030015189
 -0.4416911195   0.0722951251
  0.1721076493   0.7483660992
 -0.3111858971  -0.1711368186
  0.6355394019   0.3159238465
 -0.1612448883  -0.2913207312
  0.6387941843   0.3197004294
  0.2505925682  -0.3271147956
  0.2906438824   0.7147206166
 -0.2037129622  -0.2195482882
  0.5734506980   0.4830697215
 -0.2591372197   0.6219771812
 -0.2945481496   0.6031808062
  0.5393926916  -0.1342842147
 -0.0620120230   0.7314051157
  0.0971154175   0.7774088399
 -0.2905027452  -0.1883884663
 -0.3185995860   0.5401720096
 -0.1468176967  -0.3003037572
  0.6368520476   0.0672843148
  0.5131484480   0.5614048866
  0.1081409050   0.7557876534
  0.6377780051   0.0440744200
 -0.3097088443  -0.1438882769
  0.0616236667  -0.3466794623
 -0.2160485947  -0.2537234711
  0.5768048091   0.0397388622
  0.2062421007   0.7277296474
 -0.1320619136  -0.2925589402
  0.1568175857   0.7472407489
  0.5291671117  -0.1581104206
  0.5635277418   0.4784240673
  0.1947984000  -0.3413179265
  0.6356120572   0.0626956815
 -0.3990017985  -0.0272705935
  0.1370905710  -0.3476366456
 -0.1864813582   0.6757545458
  0.6259180560   0.3958485072
  0.4128024506  -0.2550589921
  0.1138118371   0.7755236887
  0.6130703795   0.4105330215
 -0.2578624453  -0.2082152031
 -0.3845928738   0.4737461126
  0.1964641846   0.7503219271
  0.6497942394   0.2232708185
  0.1812527556  -0.3452665176
 -0.4378968833   0.0849865676
 -0.1487714148   0.6780763731
 -0.0576973752   0.8023645983
 -0.4276240736   0.3320149192
 -0.3184837885  -0.1554518917
 -0.1456074040   0.6875046639
  0.1900015299   0.7484153933
  0.1705409280  -0.3466858794
 -0.1467167086   0.6952061149
  0.1533021718   0.6600334050
  0.0841462727   0.7513534683
  0.6400461206   0.1024394462
  0.1297700783   0.7490585680
  0.3505046228   0.6569807128
  0.6322785551   0.0747698785
 -0.4438514314   0.1191244756
 -0.4038285571   0.0067029095
 -0.3590302653   0.5109152029
 -0.3830516624   0.0011147519
  0.1528845142   0.7671805700
 -0.2039383206   0.6464524637
 -0.0166579609  -0.3393736338
  0.0758674341  -0.3505448861
 -0.4508408099   0.2663606578
 -0.4460324044   0.1464826041
  0.6272882490   0.0508457245
  0.5838899292   0.4425082337
 -0.4490441863   0.2012954431
  0.5996463247  -0.0593463622
  0.6867044128   0.1619721598
 -0.3867880837   0.0941891625
 -0.0867729845  -0.3084127081
  0.1173992091  -0.3575800536
  0.2430706230  -0.3328697803
  0.2886096359  -0.3299443241
  0.5316152858  -0.1462077127
  0.0203226346   0.7513143379
  0.3545133258   0.6941999568
 -0.4265498188   0.2156788351
  0.0418044332  -0.3452287285
 -0.4311553451   0.0525453621
  0.1428059575   0.4778666078
  0.5801671453   0.1062845115
 -0.3477790785   0.5244262256
 -0.4040461225   0.4251229631
  0.4157582674  -0.2467669488
 -0.0702770349   0.7250343735
 -0.2776557661   0.6061357415
 -0.3681907684   0.5034390231
  0.1451226690  -0.3444908145
  0.5355299175   0.5299267429
  0.5778924796  -0.0571577961
 -0.3446099041   0.5150569723
  0.6215680794   0.4036147701
  0.0652233685   0.7445948541
  0.3208382637   0.6944506857
  0.5392536690   0.5011619411
  0.5971239521  -0.0422578004
 -0.1672208997   0.6714726072
 -0.2490576092  -0.2274859189
  0.6018044382   0.4245237049
 -0.4302269448   0.4431263768
  0.5610322178  -0.0599645264
 -0.0065417371   0.7700523588
  0.2800281855  -0.3234240423
  0.2614119599   0.7085865382
  0.1967252002   0.7772336304
  0.2063077923   0.6967639974
 -0.2349936857  -0.2300458598
  0.4284239883   0.7429769099
  0.5772923032   0.4961775418
 -0.2944488825  -0.1703139753
 -0.3675031894   0.4863934359
 -0.1660591617  -0.3481576449
  0.2329417062   0.7376135728
 -0.4211672562   0.3394145106
 -0.1183687428   0.7061184789
 -0.3538044786   0.5086880650
 -0.2481586276   0.6252073391
  0.2141469089   0.6937183463
  0.3285164986  -0.3042648060
  0.2565479272  -0.3308410127
  0.6441830923   0.2378227831
  0.2753438025   0.7259203084
 -0.4530911312  -0.0200847086
  0.6530508616   0.3004739641
 -0.0919364596   0.7205770663
 -0.3885344931  -0.0505552676
  0.5018750359  -0.1820727470
 -0.3306022214   0.5527928796
 -0.4488665006   0.2818774811
 -0.2411441656  -0.1819185982
  0.2674370007  -0.3207340659
  0.5264271119   0.5370844461
  0.5393298661   0.5502200626
  0.6222900429  -0.0075938617
  0.5788497913  -0.0897683461
  0.3579296541   0.6856137474
  0.0685140072   0.7473198061
 -0.4604771581   0.2694709902
  0.5464674124   0.5106915789
  0.1443510681   0.7577179686
  0.6411006722   0.1154305708
 -0.0421808112   0.7142386934
  0.5053975693  -0.1663577804
 -0.1705468399  -0.2751283797
 -0.2712336006   0.5849497654
  0.2703619234  -0.3336432023
 -0.3252879268   0.5858677934
  0.1461325228   0.7358979661
 -0.3833068589  -0.0617878161
 -0.1784512002   0.6731652057
  0.6206256834   0.0489611735
  0.5438354798  -0.1136008610
  0.5926857222  -0.0691440333
  0.0542380990   0.7521494312
  0.0363630268  -0.3478191652
 -0.1362340893  -0.2871945441
 -0.3565031793  -0.1061108940
 -0.4288653705   0.3764233468
  0.5952857056   0.4363286977
  0.0694310890  -0.3519506693
 -0.0860807503   0.7058643905
  0.5258831265   0.5454357935
  0.2544465189  -0.3289446127
  0.4048111086   0.6503680561
 -0.4066964494   0.4123422711
  0.6237488654   0.0073445413
 -0.0307017924   0.7450708798
 -0.2470524703   0.6256435342
  0.4273305036  -0.2312459440
  0.0226063465   0.7436862665
  0.6192610894   0.0304312228
  0.4643494338  -0.1886233829
 -0.4296543171   0.0574410621
 -0.4330987174   0.3481131181
 -0.1804787298   0.6714045004
  0.1218875582  -0.3542628935
 -0.1867939321  -0.2814479319
 -0.4481280939   0.3641313354
 -0.3369882421   0.5219315096
  0.2674370943   0.7289759945
  0.6084671332   0.4062040830
  0.3051626005  -0.3042039684
  0.1637240312  -0.3415553606
 -0.1070135467   0.7164506116
  0.6322328346   0.2446662748
  0.6230146654   0.3771701259
 -0.1987904823   0.6636133129
 -0.3645136997   0.5253353701
  0.1152661840  -0.3487005364
  0.4938849746  -0.1848795469
  0.2963959228   0.7109473475
  0.5865982794   0.4701887766
  0.2450579713   0.7232441014
 -0.3825601305   0.5000176930
  0.6138662469   0.2408870286
 -0.2662013450  -0.1803064126
 -0.1367183154  -0.2956402277
 -0.3865844153   0.4348794890
  0.6618558145   0.2587850336
 -0.1618419599   0.6838838710
  0.2339217615   0.7482266664
 -0.1341494884  -0.3361111455
  0.0226609072   0.6816790160
 -0.4519168840   0.3190556352
  0.6065018721  -0.0237738012
  0.4084064822   0.6650936419
  0.4284383450  -0.2470077060
 -0.4482735030   0.2171734384
 -0.2795070971  -0.1954998183
 -0.4456920288   0.2591988969
  0.6463114903   0.1629615491
  0.4703648107   0.6182676746
  0.6379024595   0.0812145435
  0.6646331937   0.1402426641
  0.6113072381  -0.0017571342
  0.5086369373   0.5696293573
  0.3496140223   0.6702422633
  0.4781062544  -0.1722824898
 -0.4413384215   0.0949330765
  0.6112069689   0.0103399731
  0.3820794177  -0.2790761361
  0.6175561077   0.4228877165
 -0.4560222139   0.2829225666
 -0.1386318718  -0.2952709535
  0.4012196164   0.6654900713
  0.3101884980   0.7162221294
 -0.2638063466  -0.2093625578
 -0.4021000867   0.3662734118
 -0.3970195780   0.4280140299
  0.4044235494  -0.2383088932
  0.0175289565  -0.3413075043
  0.1034494229  -0.3551197878
 -0.3451763047   0.5116705688
  0.6324551078   0.3497281520
 -0.2568915013  -0.2146037846
  0.4518722065   0.6348517999
  0.4616428290  -0.2190928038
  0.5528924937  -0.0953384059
 -0.4480187606   0.1332568078
 -0.2900250100   0.5747649413
  0.4787839089  -0.1980307875
  0.2160859514  -0.3428507836
 -0.4471754237   0.0336245778
  0.2004544385   0.7515054785
 -0.4264323523   0.2781326972
  0.4595748710  -0.2192708107
 -0.0885888586   0.7156959021
 -0.3641833426  -0.1002323006
 -0.1037212880   0.7175176980
  0.3839240659  -0.2638197369
 -0.2107007861   0.6475025911
 -0.4569967342   0.2031556660
 -0.4308898689   0.0461646286
  0.2408053684   0.7193943353
 -0.3800754011  -0.0738666679
 -0.2223364108   0.6258160495
 -0.3922688977   0.4441133070
  0.5522514143  -0.1062126764
 -0.0527370585   0.7291798924
  0.3362158298  -0.2937219293
  0.0986295088   0.7624390981
 -0.4243070218   0.0830697896
 -0.1809975215   0.6672971488
 -0.1587338828  -0.2896164910
  0.5119117901  -0.1516110647
  0.5789974063  -0.0678036883
  0.6419866824   0.3042068315
  0.4942738733  -0.1775508018
 -0.1198016935   0.7074096358
  0.6317078777   0.0712305601
 -0.0824195324  -0.3206046863
  0.6444297594   0.2903029613
  0.0506465349   0.7432916988
  0.1243381623   0.7586222293
  0.1939441217  -0.3603364020
  0.5908582318  -0.0176324455
 -0.2649470748  -0.2096777069
  0.6224307773   0.3872395665
  0.6449051528   0.0827254579
  0.2396667740  -0.3114041799
  0.6436409351   0.2406149078
  0.0948530767   0.6978498062
  0.5484009359   0.5356285481
 -0.4457348512   0.1516367524
  0.6262010242   0.2905390223
  0.6412595764   0.0516944097
 -0.0930396874  -0.2662735514
  0.6582960013   0.2512692352
  0.0775186070   0.7304117667
  0.2718403915   0.7325837110
 -0.4299855769   0.3728919386
  0.5246320052  -0.1587552346
  0.0426958613  -0.3337883730
 -0.4141703978   0.0190482290
  0.6541896567   0.1517047219
 -0.4106856209   0.0132924040
  0.0488520374   0.7399529427
  0.6367584148   0.0226919552
  0.0740710875  -0.3534298108
 -0.2766051855  -0.2168516124
  0.6524795121   0.1816969340
  0.5174801374  -0.1705943189
  0.6517367228   0.1564228993
 -0.4841376964   0.2965666162
  0.0749542213  -0.3478188108
 -0.4533616759   0.0908533000
  0.2651792202   0.7353325704
  0.6111378776  -0.0024367901
  0.3607247445  -0.3572382377
  0.1529379515  -0.3849791998
 -0.4057289031   0.4277920649
 -0.1207564058  -0.3008509075
 -0.4036442529   0.4554788072
  0.6385234217   0.3786725592
 -0.4284313686   0.0543971127
  0.0766083855  -0.3462156189
 -0.1343424345   0.6938054582
  0.2443088388  -0.3392073627
 -0.4604569994   0.2370561195
 -0.4350789385   0.0517274190
 -0.1560348581   0.6872037308
  0.6154474753   0.3991598552
  0.1259792651   0.7617367376
  0.5481865890   0.5379015305
 -0.2977809334  -0.1887644683
 -0.2990948752  -0.1848049532
  0.6296046612   0.2767895904
  0.6347989851   0.3253782392
 -0.2533334871  -0.2406249411
  0.3571399936  -0.2708064994
  0.5304732311  -0.1427913641
 -0.3068224778  -0.1729977819
  0.5900316994   0.4599725171
 -0.2301853456  -0.2314823642
 -0.1397422665  -0.3041080680
  0.0510217297   0.7847730417
  0.5734050860   0.4870267464
  0.4799140653  -0.1841899681
  0.0795130110   0.7575301944
  0.5276936291  -0.1393869281
  0.4637746561   0.5730255139
 -0.3352901513  -0.1502255866
  0.6068741134  -0.0116693826
  0.1806275922  -0.3319704434
  0.6315463830   0.3113023402
 -0.2789595061   0.6088242017
  0.3904347599   0.6738746929
  0.0025271242  -0.3392185283
  0.5342360292   0.5294713769
 -0.2959185449  -0.1862272463
 -0.4434709863  -0.0109001541
 -0.4286043342   0.1399214293
 -0.4095579598  -0.0117612988
  0.0058790338  -0.3170463998
  0.5526270950  -0.0972281888
 -0.2464947345  -0.2236783330
  0.3788859230  -0.2881390095
  0.4272640557   0.6621349911
 -0.0440108344  -0.3705415775
 -0.3907608353   0.4676238849
 -0.4259022352   0.0509613350
 -0.0680846391   0.7133426772
 -0.4511701073   0.1927181104
  0.0549227409   0.7421485320
  0.3213273661   0.6974786167
 -0.3850048790  -0.0827513015
  0.5726226217  -0.0792819379
  0.0121132636   0.7483509759
  0.6154643067  -0.0127913802
  0.5327602131   0.5056587721
 -0.2390996640  -0.2382868659
 -0.3315159511   0.5631415854
  0.4273632109   0.6404088066
  0.5482513402   0.4875949873
  0.5531612303  -0.0835613393
 -0.4203289208   0.0004925857
 -0.4098940648   0.3875601583
 -0.2820759305   0.5762429449
  0.4473093776  -0.2152258544
  0.3541584824   0.7080826032
  0.3344689660  -0.2765314818
  0.5708367809  -0.1324506200
  0.4771379429  -0.2000999272
  0.6474145244   0.1467048514
  0.1453340969  -0.3513493716
  0.3895034160  -0.2549658662
 -0.3729468967  -0.0736778285
  0.1492694669   0.7414387526
  0.6435478925   0.2580678826
 -0.2960858368  -0.1759864303
  0.6329689624   0.0563082307
  0.2471784999   0.7329800657
  0.5835222034   0.2690660644
  0.5516840571  -0.2737069668
 -0.3095338970   0.5609080327
 -0.4219328191   0.0227688727
 -0.0984031591   0.7373442340
  0.0081240635  -0.3426981641
  0.3266626560  -0.2932228736
  0.4073196214  -0.2681830896
  0.2431667459  -0.3245279175
  0.6540923186   0.1657126161
 -0.4200295487   0.1706124810
  0.5529353241   0.5183364864
  0.0517179050  -0.3496281339
  0.4048696667  -0.2516153804
 -0.1565796532  -0.2872098412
 -0.0408716595   0.7268154641
  0.3298302305   0.7063650309
  0.3180215505  -0.3043064423
 -0.1452719124  -0.2469090039
 -0.3731232553  -0.0790802951
 -0.4405137523  -0.0113592480
  0.6463943727   0.3631975777
  0.3310012073   0.6980121830
 -0.4324569579   0.3285483779
  0.3080102375   0.7172106705
  0.0955507805  -0.3709940306
  0.4610449991   0.6217683641
 -0.4363314156   0.0985143521
  0.6505837126   0.2150947061
 -0.2557479925   0.6163445906
  0.5766400413  -0.0942266967
  0.6309048256   0.3135546981
 -0.1224409783  -0.3131347502
  0.1778875600  -0.3585110502
 -0.1531220835   0.6803064915
 -0.3357507819   0.5355135988
 -0.0232368720  -0.3161078223
  0.6520922803   0.1952852979
  0.1656525097  -0.3479349465
 -0.1815001976  -0.2661413500
  0.0837531117  -0.3413897301
 -0.2303481326   0.6233490576
  0.6289341059   0.0290356497
 -0.3632893028  -0.0757248970
 -0.4676871942   0.2697638914
 -0.4085053168   0.4100599159
 -0.0130193429   0.7409552870
  0.3648412051   0.6647096347
  0.0197488832  -0.3510680483
  0.3970974447  -0.2686241576
  0.1220729458   0.7608471221
 -0.1236018533   0.7067985649
  0.6335262653   0.3201331401
 -0.2356050623  -0.2538834636
 -0.3883656703   0.4454146562
  0.6312009950   0.0787387022
 -0.1312864814  -0.2977666072
  0.6047851789  -0.0395656183
  0.2853317062  -0.3098324498
  0.4004439428  -0.2436705050
 -0.3700331649  -0.0956909066
  0.5587601779  -0.0963006681
  0.3196216512  -0.3102283871
  0.6232956139   0.0384273661
  0.4780974884   0.5921671786
  0.2707451496  -0.3233164916
  0.4719786697  -0.1748125881
 -0.1698317341  -0.2678756925
  0.5855948811  -0.0453513747
  0.2440714188  -0.3288062700
 -0.0696410484  -0.3259380707
  0.1292422537   0.7585377503
 -0.4361892796   0.2094621204
 -0.4498654322   0.1706610984
  0.5662911769  -0.0948507683
  0.1150414952  -0.3373570731
  0.6168093274   0.0081231621
 -0.4525431504   0.2642621883
  0.1358836731  -0.3501928789
 -0.2225829680  -0.2449943258
  0.3992871710   0.6905867177
 -0.1613652003   0.6879850354
  0.3496448262  -0.2866246403
 -0.2198059540   0.6219018318
 -0.3424757808   0.5236058096
 -0.3800766587  -0.0394293519
  0.1888288500   0.7526385002
  0.4504059661   0.6272624273
 -0.2563274174   0.6054482245
  0.2147053818   0.7441747181
  0.6412002627   0.2955658038
 -0.4084885976   0.0093100632
 -0.2821952266   0.5915833828
  0.4102206213  -0.2540377226
  0.6172250535   0.4163250402
  0.3595056572   0.6870385346
 -0.0281035250   0.7226203027
  0.4331391765  -0.2451047577
 -0.1637233425  -0.2674218201
 -0.4472282011   0.3059170207
  0.6366219900   0.3200867757
  0.6017479003  -0.0165034405
 -0.3377836685   0.5368337067
  0.0627486053   0.7595368712
 -0.1140833630   0.6762215374
  0.0283818724  -0.3534897384
  0.5917796309   0.4393537459
 -0.2985570167  -0.0938572370
  0.5243303543  -0.1530454219
 -0.1083917684  -0.3072825839
  0.0230018529  -0.3413444415
  0.5806047743  -0.0131186885
  0.4139109368  -0.2509236503
  0.4660304202   0.6168693769
  0.0366091976  -0.3542716596
  0.4989872495  -0.1301539694
 -0.4361612653   0.0525846733
  0.4874310590   0.5834288995
  0.5846454099  -0.0393652363
  0.0115078616  -0.3419832391
  0.5595686427  -0.0935451100
 -0.2064384256   0.6489929241
 -0.1082266061   0.7055177368
  0.3852188054   0.7121531497
 -0.3796004605  -0.1117477875
  0.3591651137   0.6848994588
 -0.1818891874   0.6706016614
 -0.0532623409  -0.2715776674
  0.4877306887  -0.1918361064
 -0.2147845074  -0.2530327639
 -0.3595212127  -0.1149205751
  0.3972873358  -0.2631168204
 -0.4233070998   0.4185593044
 -0.0274447852  -0.3351967794
  0.1734763958  -0.3459189245
 -0.4108396758   0.0203767069
 -0.3988682554  -0.0285169083
  0.4819185635   0.5949803707
  0.2607381737   0.7304597332
 -0.4412091300   0.0837686741
  0.3236640550   0.6914459370
  0.0506525714   0.7373858450
  0.0190279777  -0.3362787578
  0.6110959180   0.3441127636
 -0.3112597263   0.5659917843
  0.6682324053   0.1926039649
 -0.1617140080   0.6937823473
  0.0483157900  -0.3749755733
  0.3445046378   0.6928520110
  0.2442545401  -0.3278548731
  0.0741970023   0.7730928251
  0.6047114745   0.4109193656
  0.2989394711  -0.3169908062
  0.0469353389  -0.3461510511
 -0.1262187210  -0.3045802959
  0.0143844626   0.7109522745
 -0.2547748205   0.6355990503
 -0.5600805500   0.6246822728
  0.3570458882  -0.2811884825
  0.4726192454   0.6579667631
 -0.3994687432  -0.0268621963
  0.6468438415   0.1964125309
 -0.4314967013   0.2321530195
  0.6050012796   0.4967759548
 -0.2523104259   0.6160418612
  0.0992239789  -0.3468783574
  0.6573121339   0.1864129490
 -0.1925577735   0.6627561267
  0.5870086561  -0.1671445838
  0.6513376791   0.1333613301
  0.5671057742  -0.6948018862
  0.1581713998   0.7581569239
  0.5978084120  -0.0482626934
  0.1334080207  -0.3318461654
 -0.3767610263   0.4689411190
 -0.3031864710   0.5756983100
  0.2773836019   0.7165925415
 -0.4438869648   0.3308577336
 -0.2894915465  -0.1936044706
  0.2371766456  -0.3233160606
  0.2498128552  -0.3368362315
 -0.3893574254   0.4365979891
 -0.3747309643   0.4636794319
  0.1351605119  -0.3591110799
  0.4124815542  -0.2505233449
  0.3008290994  -0.3088357514
  0.2699572920  -0.3196393112
  0.2624128814  -0.3746310065
 -0.3609810670   0.5851906090
 -0.1297936768   0.6904940465
  0.3477528821   0.6908898369
 -0.4552409607   0.1341951241
 -0.4327004483   0.0720953505
  0.6482314205   0.1301176070
  0.5924351081   0.4323835334
 -0.0319936968   0.7277748603
  0.6324304085   0.2597548649
  0.2687084379  -0.3270486972
  0.2488388219  -0.3239010185
 -0.2186674351   0.6478656331
  0.3292468281  -0.2940841796
 -0.4473667331   0.1100160280
  0.3103113907   0.6457348691
  0.0718010809  -0.3496093712
  0.3637040235   0.6895747410
 -0.4433314777   0.1432927243
 -0.4316839884   0.2448016073
  0.3409352535   0.6898701671
 -0.4410516722   0.3106910832
  0.2679272667   0.7287365807
 -0.1060943548   0.7091237328
  0.1322987465  -0.3501439391
 -0.4228593352   0.3944559836
  0.4618695624  -0.1970096000
 -0.2987098793  -0.1637280412
  0.6011408417   0.4470051631
 -0.1024678207   0.7160956875
 -0.4480204895   0.2833007067
 -0.3416145911   0.5371416038
  0.3894899730   0.6598354606
  0.6515901003   0.3143971788
 -0.4645761346   0.0887802535
 -0.3718659415  -0.0535959344
 -0.1784160096   0.6941098106
 -0.0385549101  -0.3352796116
 -0.0968675508  -0.3006798027
 -0.3086659589  -0.1426583306
 -0.3695349825  -0.0990096695
  0.5761276692   0.4384416147
 -0.2424187781   0.6320737926
 -0.1771266164  -0.2748042754
  0.6204316592   0.2746748334
 -0.4444709133   0.0701405694
 -0.4070022072   0.4100701590
  0.3718836719  -0.2395004509
  0.5103158359   0.5592866597
 -0.0767969430  -0.3125452402
 -0.2973099116   0.5744495743
  0.2899817638  -0.3095767587
 -0.4615427445   0.2512158113
 -0.3863556453   0.4348221508
 -0.3098974222  -0.1641375683
  0.4181074457  -0.2366076907
  0.1321995205   0.7896268842
  0.6233045532   0.1769245810
  0.4840980568  -0.1981016364
 -0.1320000724   0.6999151590
  0.2114765381  -0.3464656244
 -0.3829505933  -0.0770841703
  0.6425680233   0.2524213808
 -0.0910315891   0.7219577727
  0.5552894309  -0.1048587354
 -0.4477182022   0.1881430152
  0.5543176982   0.5065822806
  0.5775238695   0.4678913684
  0.4234187680  -0.2440164095
  0.1796739045  -0.3352031604
  0.6100966736  -0.0055252966
 -0.4516090115   0.1736432250
 -0.3821517730   0.4546262115
 -0.1790382545   0.6489426039
 -0.3481828617   0.2638746212
 -0.4587230877   0.1977556821
 -0.1285962846   0.6978093690
  0.0326863030  -0.3469649143
  0.1559977260   0.7356683100
 -0.3143454271  -0.2670760444
 -0.0556216319   0.7253899296
  0.3613431498  -0.2843989979
  0.1814964573  -0.3546576165
 -0.1480332948  -0.2739233899
 -0.2190116195  -0.2445294644
 -0.4136966517   0.0951391611
 -0.3591369798  -0.2277049140
  0.0642774605   0.7287771513
  0.2550888153   0.7237678185
 -0.4345149346   0.0682319773
  0.3574542418  -0.3178873675
  0.0421860973  -0.3702044992
  0.1429508235  -0.3388751335
  0.0557814750   0.7336786445
 -0.3822924734  -0.0794480389
  0.2431019712  -0.3302572821
  0.4453145384  -0.2415643142
 -0.1223832397  -0.3149494974
  0.0321497327   0.7481330723
  0.4669581125  -0.1340734358
 -0.4537240602   0.2684155260
 -0.4659906535   0.2116170557
  0.0069329718  -0.3497333628
  0.0567693420   0.7459342273
  0.4823210122   0.6129506827
  0.6374102203   0.0907293537
 -0.4052655036  -0.0212084252
  0.6333533005   0.3592852024
  0.5219787950  -0.1058044470
  0.0459613735   0.7435248493
 -0.0183390874   0.7272316042
 -0.4368301270   0.0793678784
  0.3678084765  -0.2916197630
 -0.2346117414  -0.2512385497
 -0.2978077243  -0.1894233608
  0.5894856242   0.4584124020
  0.6399715672   0.2157596667
 -0.0922476770   0.7365002947
 -0.3011690833   0.5804050298
  0.1701159621  -0.3429903384
 -0.0370341176  -0.3398462882
 -0.3727015393  -0.0839980021
 -0.4520366415   0.1179975754
 -0.0540785989  -0.3313424509
  0.2172934569  -0.3535261634
  0.6133110833   0.0042275216
  0.6568995178   0.1251756901
 -0.0804959112   0.6827872536
  0.2570652190  -0.3288502301
 -0.0732498275   0.6642260268
  0.5263614434  -0.1421157736
 -0.1170464015   0.6967837579
  0.6470184571   0.2918663033
  0.5289542030  -0.1631330454
  0.0768057858  -0.3691843614
  0.0247656148  -0.3176011769
  0.5196945897  -0.1581332746
  0.1757601745   0.7437532094
  0.4570080536   0.5921002566
 -0.0715452203  -0.2775634253
 -0.4584562599   0.1780445937
 -0.1904010871  -0.2548586897
 -0.4199894898   0.0295470479
  0.1971370219  -0.3355506110
  0.5647876979  -0.1006591965
  0.6313016541   0.0220738211
 -0.2855112243  -0.1866008995
  0.6252724693   0.0186788335
  0.6901537853   0.3978008800
 -0.2140092191  -0.2577934878
  0.6331054110   0.3389124211
 -0.3564552307  -0.1013462802
 -0.0725220631  -0.3173117132
  0.0937754908  -0.3468238575
 -0.4438075650   0.1140957288
  0.4272372582  -0.2501806714
  0.4833121270  -0.1861872891
 -0.3089765225   0.5598723979
  0.4406823798   0.6310787970
 -0.3307989726   0.5386962883
 -0.4488343100   0.3521791151
  0.5700081046  -0.0861913649
  0.1095295671  -0.3564141446
 -0.4248314201   0.0662953237
  0.4053829078   0.7024263740
  0.3225275487   0.7142292914
 -0.4466844079   0.2111871099
  0.5824861863  -0.0582551013
  0.1376694492   0.7550480114
  0.0867908826  -0.3422445953
 -0.3512501488   0.5184954177
  0.4125940004  -0.2682963385
 -0.2211021988   0.6475806171
  0.6268039537   0.0664579512
 -0.2285400444   0.6380420773
  0.6246761140   0.0228772178
  0.1821021760  -0.3432010773
 -0.2051304376   0.6539102704
 -0.4455084850   0.1824441040
  0.6159634616   0.3133262822
 -0.1758974511  -0.2812457725
  0.5345711624   0.5293230015
 -0.3196165030  -0.1514867257
  0.3310034789  -0.3026214993
  0.5227297761  -0.1779816568
  0.5630959658  -0.0782234650
  0.6346528304   0.0772892107
  0.6189142641   0.3875418120
  0.5069032184   0.5782258569
 -0.0081917982  -0.3434862204
 -0.4523606287   0.2044674402
 -0.4422965207   0.1849363879
 -0.1661835625   0.6822585842
 -0.4175383033   0.3975155384
  0.1503773986   0.7364823182
 -0.3774595527   0.4510531515
  0.6535965703   0.1564397810
  0.5749371396  -0.0828474213
  0.3980401324  -0.2410090554
  0.5164556881  -0.1398373266
 -0.1083797208  -0.3158829012
  0.0963339921  -0.3243553592
  0.0311065894   0.7359034510
  0.4190378686  -0.2374980734
  0.0599181101  -0.3640795733
  0.4179587980   0.6376241296
 -0.1534190890   0.6788521075
  0.1430758584  -0.3560091824
 -0.3355403304  -0.1219798174
 -0.2321758593  -0.1871912665
 -0.0611933192  -0.3093262086
  0.0469540836  -0.3568888110
  0.4385703677   0.6370496276
  0.2451187675   0.7295744014
  0.6106414539   0.3949869851
  0.2488413267   0.7330657511
  0.5176037995  -0.1480189443
  0.0130770492   0.7794491210
 -0.4237496753   0.2735248288
 -0.2150242135  -0.4111568276
 -0.2166549645  -0.2478925162
 -0.1006544901   0.6881545229
  0.4941735868  -0.1829925265
 -0.2259801883   0.6603403986
  0.1011756688  -0.3508337509
  0.3349081755   0.6917055760
  0.6398910425   0.1426885526
  0.1996207075   0.7353656664
 -0.4719208904   0.1897895044
 -0.3194811073   0.5275082809
 -0.0675873978  -0.3270587060
 -0.3809266050  -0.0697651786
 -0.4203419866  -0.0434968346
 -0.4370502059   0.3475078637
  0.3625807661  -0.2786089728
 -0.2806608744  -0.1999021569
  0.0199982238  -0.3331694436
  0.6142782327   0.0681845837
  0.4696380313  -0.2218734825
 -0.0674315475   0.6926143865
  0.6010533127  -0.0352272567
 -0.4181098366   0.3969244534
 -0.4080121026   0.0197233412
 -0.2160549593  -0.2622165095
  0.4051000040  -0.2419795559
  0.4938227535  -0.1550547758
  0.0610605769   0.7564214698
  0.2914629582   0.6708187715
 -0.0365203271  -0.3345593217
  0.4403201395   0.6473244596
  0.2465420158   0.7461100096
 -0.4490721930   0.1042201064
 -0.3004439460  -0.2008873074
  0.6207368977   0.0913387790
