1000
0.000 0.601 1.000 0.308
0.000 0.512 1.000 0.114
0.282 0.000 1.000 0.143
0.000 0.791 0.875 1.000
0.000 0.881 1.000 0.539
0.782 0.000 0.406 1.000
0.808 0.000 0.491 1.000
1.000 0.636 0.268 1.000
0.139 0.000 0.823 1.000
0.000 0.954 0.753 1.000
0.000 0.030 0.364 1.000
0.389 0.000 0.866 1.000
0.955 0.000 1.000 0.158
1.000 0.114 0.940 1.000
0.000 0.813 0.831 1.000
0.000 0.708 1.000 0.622
1.000 0.181 0.440 1.000
0.000 0.199 0.086 0.000
0.000 0.622 0.216 1.000
1.000 0.483 0.180 1.000
0.000 0.736 0.200 0.000
0.306 0.000 1.000 0.579
1.000 0.960 0.544 1.000
0.000 0.768 0.648 0.000
0.000 0.461 0.471 1.000
0.683 0.000 1.000 0.189
0.321 0.000 1.000 0.360
0.000 0.440 1.000 0.550
0.817 0.000 0.181 1.000
0.047 0.000 1.000 0.655
0.020 0.000 1.000 0.400
1.000 0.347 0.696 1.000
0.551 0.000 1.000 0.666
0.000 0.903 1.000 0.444
1.000 0.225 0.895 1.000
0.368 0.000 0.588 1.000
0.142 0.000 1.000 0.899
0.347 0.000 1.000 0.350
0.627 0.000 1.000 0.177
0.134 0.000 1.000 0.214
0.000 0.790 0.224 0.000
0.656 0.000 0.562 1.000
0.111 0.000 0.123 1.000
1.000 0.101 0.036 1.000
0.000 0.729 1.000 0.251
0.000 0.838 1.000 0.609
0.000 0.147 1.000 0.741
0.000 0.786 0.098 1.000
0.000 0.985 0.715 0.000
0.000 0.375 1.000 0.839
0.000 0.410 1.000 0.639
0.000 0.834 0.304 1.000
0.000 0.965 1.000 0.405
0.772 0.000 0.495 1.000
0.033 0.000 1.000 0.234
0.000 0.180 1.000 0.082
1.000 0.904 0.220 1.000
0.000 0.557 1.000 0.016
0.550 0.000 0.011 1.000
0.000 0.709 0.376 1.000
0.093 0.000 1.000 0.776
0.670 0.000 1.000 0.620
0.000 0.820 1.000 0.596
1.000 0.102 0.378 1.000
0.000 0.391 0.401 0.000
0.000 0.921 0.571 0.000
0.000 0.090 0.484 0.000
1.000 0.971 0.051 1.000
0.960 0.000 1.000 0.590
0.673 0.000 0.310 1.000
0.236 0.000 1.000 0.392
0.000 0.428 0.073 1.000
1.000 0.914 0.883 1.000
0.000 0.814 0.975 1.000
1.000 0.220 0.376 1.000
1.000 0.831 0.307 1.000
0.000 0.534 0.387 1.000
0.446 0.000 1.000 0.368
1.000 0.364 0.338 1.000
0.000 0.283 1.000 0.021
0.000 0.568 0.248 0.000
0.000 0.639 1.000 0.666
0.000 0.340 0.590 1.000
1.000 0.627 0.414 1.000
0.000 0.302 0.624 1.000
0.000 0.367 1.000 0.465
0.000 0.014 1.000 0.988
1.000 0.134 0.444 1.000
0.295 0.000 1.000 0.799
0.000 0.057 0.092 1.000
0.000 0.119 0.650 0.000
0.562 0.000 0.299 1.000
0.089 0.000 1.000 0.630
0.000 0.488 0.267 0.000
0.000 0.872 0.559 1.000
0.000 0.642 0.916 0.000
0.000 0.709 0.920 0.000
0.000 0.174 0.064 0.000
0.000 0.977 1.000 0.349
0.147 0.000 0.396 1.000
1.000 0.310 0.505 1.000
0.000 0.710 1.000 0.078
0.000 0.786 0.156 0.000
1.000 0.461 0.634 1.000
0.000 0.540 0.517 1.000
1.000 0.254 0.169 1.000
0.000 0.422 0.868 0.000
0.000 0.589 1.000 0.052
0.000 0.210 0.038 0.000
0.000 0.620 0.176 0.000
0.131 0.000 1.000 0.475
1.000 0.283 0.195 1.000
0.723 0.000 0.970 1.000
0.000 0.803 0.442 0.000
1.000 0.160 0.972 1.000
0.065 0.000 0.235 1.000
0.000 0.877 1.000 0.648
0.000 0.638 1.000 0.246
0.452 0.000 0.447 1.000
1.000 0.606 0.076 1.000
1.000 0.166 0.198 1.000
0.000 0.222 0.470 1.000
0.344 0.000 1.000 0.203
0.614 0.000 1.000 0.016
0.000 0.527 1.000 0.166
1.000 0.948 0.221 1.000
1.000 0.546 0.108 1.000
0.000 0.023 1.000 0.735
0.000 0.522 1.000 0.198
0.069 0.000 1.000 0.794
0.761 0.000 1.000 0.950
0.939 0.000 1.000 0.182
0.000 0.322 0.516 1.000
0.666 0.000 0.140 1.000
1.000 0.461 0.657 1.000
0.000 0.237 1.000 0.615
0.000 0.239 0.171 1.000
0.000 0.879 0.184 0.000
1.000 0.775 0.696 1.000
0.000 0.128 1.000 0.755
0.527 0.000 0.527 1.000
0.133 0.000 0.476 1.000
0.000 0.200 1.000 0.788
0.460 0.000 1.000 0.464
0.000 0.725 0.915 1.000
1.000 0.167 0.162 1.000
0.000 0.799 0.391 1.000
0.000 0.548 0.281 0.000
0.000 0.043 0.066 0.000
0.706 0.000 0.184 1.000
1.000 0.193 0.701 1.000
0.000 0.619 0.824 1.000
0.000 0.238 0.034 0.000
0.363 0.000 1.000 0.484
0.617 0.000 0.220 1.000
1.000 0.539 0.376 1.000
1.000 0.086 0.185 1.000
0.774 0.000 1.000 0.723
0.000 0.656 1.000 0.757
0.000 0.244 0.473 1.000
1.000 0.578 0.655 1.000
0.449 0.000 1.000 0.284
0.000 0.785 1.000 0.512
0.000 0.920 0.865 0.000
0.529 0.000 0.493 1.000
1.000 0.062 0.042 1.000
0.000 0.728 0.118 1.000
0.000 0.795 0.882 0.000
0.000 0.152 0.548 0.000
0.546 0.000 0.782 1.000
0.000 0.133 1.000 0.370
0.411 0.000 0.809 1.000
1.000 0.524 0.604 1.000
0.000 0.661 0.533 1.000
0.292 0.000 1.000 0.072
0.133 0.000 0.124 1.000
0.340 0.000 0.841 1.000
0.722 0.000 0.646 1.000
0.000 0.837 0.788 1.000
1.000 0.719 0.344 1.000
0.000 0.084 0.467 0.000
0.000 0.093 0.868 1.000
0.377 0.000 1.000 0.402
0.183 0.000 1.000 0.073
0.000 0.845 0.355 1.000
1.000 0.029 0.478 1.000
0.225 0.000 1.000 0.809
0.000 0.529 1.000 0.541
0.000 0.724 0.388 0.000
1.000 0.478 0.117 1.000
1.000 0.023 0.191 1.000
0.000 0.908 1.000 0.274
0.000 0.632 0.641 0.000
0.000 0.950 1.000 0.815
0.811 0.000 0.669 1.000
0.000 0.734 0.688 0.000
0.770 0.000 1.000 0.903
1.000 0.658 0.442 1.000
0.000 0.202 1.000 0.176
1.000 0.524 0.644 1.000
0.200 0.000 0.657 1.000
0.332 0.000 0.575 1.000
0.342 0.000 1.000 0.217
1.000 0.744 0.177 1.000
0.000 0.228 0.978 0.000
0.000 0.057 0.721 1.000
1.000 0.354 0.502 1.000
1.000 0.469 0.170 1.000
1.000 0.136 0.362 1.000
0.000 0.180 0.876 0.000
1.000 0.333 0.086 1.000
0.000 0.666 0.408 1.000
0.000 0.283 1.000 0.740
0.532 0.000 0.494 1.000
0.000 0.605 1.000 0.711
0.000 0.357 0.758 1.000
0.000 0.788 0.122 0.000
0.000 0.152 0.581 0.000
0.000 0.928 0.707 0.000
0.890 0.000 0.877 1.000
0.506 0.000 1.000 0.219
0.000 0.769 0.875 1.000
0.000 0.617 1.000 0.169
0.000 0.672 1.000 0.690
0.894 0.000 0.305 1.000
0.124 0.000 0.652 1.000
0.000 0.065 1.000 0.450
0.498 0.000 0.592 1.000
0.000 0.110 0.529 0.000
0.000 0.075 0.429 0.000
0.906 0.000 1.000 0.925
0.833 0.000 1.000 0.705
0.000 0.178 0.332 0.000
1.000 0.254 0.014 1.000
0.813 0.000 1.000 0.898
0.000 0.114 0.032 1.000
0.000 0.162 0.087 0.000
1.000 0.323 0.575 1.000
1.000 0.074 0.675 1.000
0.000 0.521 1.000 0.740
0.000 0.855 0.656 0.000
0.419 0.000 1.000 0.499
1.000 0.849 0.667 1.000
0.456 0.000 1.000 0.910
0.744 0.000 1.000 0.733
0.000 0.347 0.837 0.000
0.000 0.593 0.989 0.000
0.299 0.000 1.000 0.322
0.000 0.587 0.385 1.000
0.000 0.414 0.896 0.000
0.000 0.661 1.000 0.762
0.843 0.000 0.191 1.000
0.739 0.000 0.050 1.000
0.957 0.000 0.496 1.000
0.000 0.199 0.250 1.000
0.000 0.329 0.588 1.000
0.480 0.000 1.000 0.190
0.000 0.708 0.479 0.000
0.521 0.000 0.076 1.000
1.000 0.020 0.480 1.000
1.000 0.248 0.150 1.000
0.000 0.142 0.983 1.000
0.525 0.000 0.732 1.000
0.585 0.000 0.699 1.000
1.000 0.565 0.888 1.000
0.288 0.000 0.226 1.000
0.000 0.838 0.696 0.000
0.000 0.407 0.415 1.000
1.000 0.288 0.926 1.000
0.545 0.000 0.936 1.000
0.708 0.000 0.194 1.000
1.000 0.643 0.326 1.000
0.000 0.759 0.841 1.000
0.000 0.915 0.436 0.000
0.000 0.577 0.011 1.000
0.479 0.000 0.289 1.000
0.000 0.959 0.137 1.000
1.000 0.639 0.534 1.000
0.000 0.788 0.813 0.000
0.023 0.000 0.368 1.000
1.000 0.708 0.086 1.000
0.553 0.000 1.000 0.719
0.000 0.391 0.488 1.000
0.000 0.951 0.413 1.000
0.240 0.000 1.000 0.980
0.000 0.407 1.000 0.469
0.000 0.790 0.438 1.000
0.000 0.880 1.000 0.086
0.394 0.000 1.000 0.864
0.000 0.824 1.000 0.877
0.000 0.220 0.595 1.000
0.779 0.000 1.000 0.157
0.000 0.675 0.538 1.000
1.000 0.422 0.499 1.000
0.000 0.595 0.729 0.000
0.770 0.000 1.000 0.146
0.243 0.000 1.000 0.926
0.823 0.000 0.815 1.000
1.000 0.947 0.219 1.000
1.000 0.893 0.053 1.000
0.000 0.217 1.000 0.263
0.000 0.597 0.052 1.000
0.000 0.706 1.000 0.717
0.000 0.312 0.149 1.000
0.321 0.000 1.000 0.734
0.000 0.321 0.514 0.000
0.000 0.780 1.000 0.747
0.000 0.686 0.580 0.000
0.000 0.669 1.000 0.537
1.000 0.526 0.440 1.000
0.000 0.270 0.648 1.000
0.599 0.000 0.255 1.000
0.000 0.095 0.950 0.000
0.000 0.119 0.272 1.000
0.000 0.632 1.000 0.584
0.885 0.000 1.000 0.895
0.000 0.293 1.000 0.684
1.000 0.617 0.381 1.000
1.000 0.766 0.060 1.000
1.000 0.145 0.577 1.000
0.000 0.546 1.000 0.837
1.000 0.220 0.446 1.000
0.916 0.000 0.531 1.000
1.000 0.358 0.640 1.000
0.000 0.920 0.282 0.000
0.000 0.246 1.000 0.177
0.000 0.076 0.459 0.000
0.000 0.643 0.086 0.000
0.801 0.000 0.843 1.000
0.505 0.000 1.000 0.977
0.000 0.640 0.534 0.000
0.000 0.432 1.000 0.744
0.000 0.469 0.669 1.000
0.000 0.466 1.000 0.038
0.725 0.000 0.948 1.000
0.000 0.578 0.203 1.000
0.000 0.335 0.269 0.000
0.000 0.767 0.903 1.000
0.000 0.589 0.714 1.000
1.000 0.461 0.229 1.000
0.000 0.900 0.859 0.000
0.205 0.000 0.301 1.000
0.927 0.000 0.761 1.000
0.000 0.210 0.237 0.000
0.122 0.000 0.952 1.000
0.307 0.000 1.000 0.540
0.000 0.658 0.865 1.000
0.478 0.000 0.642 1.000
1.000 0.375 0.240 1.000
0.125 0.000 1.000 0.691
1.000 0.842 0.601 1.000
0.000 0.122 1.000 0.796
0.000 0.137 0.734 0.000
0.810 0.000 0.934 1.000
0.532 0.000 0.066 1.000
0.211 0.000 0.363 1.000
0.083 0.000 0.031 1.000
1.000 0.215 0.499 1.000
0.259 0.000 1.000 0.864
0.000 0.028 1.000 0.979
1.000 0.016 0.831 1.000
1.000 0.853 0.943 1.000
0.022 0.000 0.090 1.000
0.921 0.000 0.890 1.000
0.000 0.087 0.432 1.000
1.000 0.194 0.633 1.000
0.832 0.000 0.705 1.000
0.365 0.000 1.000 0.910
0.000 0.529 0.180 1.000
0.000 0.923 0.198 0.000
0.000 0.039 0.204 1.000
0.000 0.725 0.067 1.000
0.238 0.000 0.079 1.000
0.000 0.475 0.990 0.000
0.000 0.656 1.000 0.087
0.000 0.892 0.271 1.000
0.501 0.000 1.000 0.113
0.000 0.131 0.468 0.000
0.000 0.250 1.000 0.987
0.243 0.000 1.000 0.920
0.226 0.000 1.000 0.948
0.000 0.049 1.000 0.684
0.000 0.805 1.000 0.912
0.000 0.662 1.000 0.398
1.000 0.419 0.063 1.000
0.598 0.000 0.945 1.000
0.419 0.000 1.000 0.457
0.936 0.000 0.578 1.000
0.393 0.000 0.818 1.000
0.020 0.000 1.000 0.071
0.000 0.815 0.286 1.000
0.000 0.823 1.000 0.325
1.000 0.889 0.141 1.000
0.000 0.044 1.000 0.792
1.000 0.178 0.221 1.000
1.000 0.390 0.809 1.000
0.000 0.863 0.238 0.000
0.459 0.000 0.184 1.000
0.513 0.000 0.568 1.000
1.000 0.563 0.578 1.000
0.000 0.543 0.403 0.000
0.000 0.482 1.000 0.236
0.000 0.114 0.135 0.000
0.649 0.000 0.169 1.000
0.591 0.000 0.337 1.000
0.586 0.000 1.000 0.717
1.000 0.537 0.590 1.000
0.935 0.000 1.000 0.058
0.000 0.920 0.561 0.000
0.000 0.733 1.000 0.134
0.000 0.606 1.000 0.667
0.000 0.756 1.000 0.159
0.000 0.242 0.264 1.000
0.000 0.838 1.000 0.903
0.000 0.256 1.000 0.504
1.000 0.866 0.100 1.000
0.000 0.314 0.627 1.000
0.000 0.971 1.000 0.572
0.822 0.000 1.000 0.502
0.251 0.000 0.244 1.000
0.247 0.000 0.841 1.000
0.000 0.637 0.607 1.000
1.000 0.272 0.839 1.000
0.000 0.032 0.686 0.000
0.000 0.931 1.000 0.932
0.000 0.197 0.808 1.000
0.170 0.000 0.132 1.000
0.000 0.722 1.000 0.113
0.000 0.343 0.924 1.000
0.000 0.514 0.185 0.000
0.000 0.809 0.422 1.000
0.000 0.782 0.069 0.000
0.905 0.000 1.000 0.331
0.301 0.000 0.353 1.000
0.000 0.590 1.000 0.294
0.000 0.393 0.481 1.000
0.000 0.286 0.640 1.000
0.000 0.796 0.372 1.000
0.888 0.000 1.000 0.705
0.000 0.492 0.229 1.000
0.000 0.330 1.000 0.049
0.018 0.000 1.000 0.821
1.000 0.304 0.736 1.000
0.000 0.438 0.047 1.000
0.269 0.000 1.000 0.627
0.000 0.042 0.029 0.000
0.000 0.612 1.000 0.305
0.325 0.000 0.110 1.000
0.000 0.140 0.988 1.000
1.000 0.870 0.490 1.000
0.000 0.795 0.810 1.000
0.000 0.152 1.000 0.818
0.000 0.548 0.132 1.000
0.285 0.000 0.560 1.000
0.000 0.365 0.819 1.000
0.000 0.729 1.000 0.850
0.000 0.584 0.473 1.000
0.000 0.089 0.788 1.000
0.000 0.937 0.918 0.000
0.520 0.000 0.798 1.000
0.000 0.322 0.603 1.000
0.162 0.000 0.744 1.000
0.814 0.000 0.302 1.000
0.000 0.231 0.577 0.000
0.000 0.665 0.933 0.000
0.735 0.000 0.672 1.000
0.825 0.000 0.266 1.000
0.000 0.229 1.000 0.346
0.000 0.714 0.293 0.000
0.000 0.217 0.803 1.000
0.200 0.000 1.000 0.134
0.982 0.000 0.287 1.000
0.613 0.000 0.111 1.000
0.000 0.365 0.332 1.000
0.667 0.000 0.987 1.000
0.000 0.799 0.732 1.000
0.000 0.790 0.567 1.000
0.000 0.265 0.787 0.000
0.517 0.000 0.511 1.000
0.000 0.698 0.718 0.000
0.686 0.000 1.000 0.908
0.287 0.000 1.000 0.900
1.000 0.622 0.523 1.000
0.000 0.269 1.000 0.878
0.000 0.484 0.555 0.000
1.000 0.641 0.364 1.000
0.000 0.480 1.000 0.164
0.000 0.575 0.419 1.000
0.000 0.026 0.926 1.000
0.000 0.739 1.000 0.633
0.000 0.285 1.000 0.330
0.000 0.935 0.606 1.000
0.000 0.883 0.239 1.000
0.000 0.931 0.498 1.000
1.000 0.321 0.972 1.000
1.000 0.688 0.623 1.000
0.797 0.000 0.113 1.000
0.000 0.483 1.000 0.679
0.000 0.946 1.000 0.695
1.000 0.929 0.444 1.000
1.000 0.641 0.719 1.000
1.000 0.270 0.665 1.000
0.000 0.789 1.000 0.557
0.000 0.840 0.498 1.000
0.780 0.000 1.000 0.809
0.284 0.000 0.506 1.000
0.000 0.142 1.000 0.313
0.000 0.154 0.786 1.000
0.000 0.574 1.000 0.742
0.930 0.000 1.000 0.681
0.930 0.000 1.000 0.332
0.000 0.269 0.591 1.000
1.000 0.205 0.390 1.000
0.369 0.000 0.241 1.000
0.041 0.000 1.000 0.030
0.676 0.000 0.304 1.000
0.000 0.943 0.436 1.000
0.000 0.334 1.000 0.580
1.000 0.394 0.164 1.000
0.158 0.000 0.104 1.000
0.000 0.357 0.044 0.000
0.000 0.285 1.000 0.304
0.000 0.868 0.499 0.000
0.000 0.037 1.000 0.858
0.000 0.675 0.890 1.000
0.151 0.000 0.575 1.000
0.124 0.000 0.528 1.000
0.399 0.000 0.852 1.000
1.000 0.470 0.256 1.000
0.000 0.292 0.405 1.000
0.000 0.785 0.752 0.000
0.000 0.621 1.000 0.047
1.000 0.057 0.904 1.000
0.854 0.000 1.000 0.932
1.000 0.902 0.617 1.000
0.000 0.969 0.758 0.000
0.351 0.000 0.871 1.000
0.000 0.159 0.280 1.000
0.537 0.000 0.740 1.000
0.000 0.089 0.042 0.000
0.716 0.000 1.000 0.817
0.000 0.397 1.000 0.448
0.371 0.000 1.000 0.495
0.000 0.835 0.360 0.000
0.000 0.186 0.271 1.000
0.417 0.000 0.251 1.000
0.000 0.234 0.592 0.000
0.569 0.000 0.741 1.000
0.000 0.766 1.000 0.288
1.000 0.230 0.367 1.000
0.089 0.000 1.000 0.093
0.000 0.689 1.000 0.480
0.346 0.000 0.841 1.000
0.000 0.897 0.685 1.000
0.410 0.000 0.862 1.000
0.529 0.000 0.289 1.000
0.416 0.000 0.513 1.000
0.185 0.000 0.092 1.000
0.224 0.000 0.848 1.000
0.013 0.000 0.089 1.000
0.813 0.000 0.167 1.000
0.000 0.461 0.846 0.000
0.547 0.000 1.000 0.202
0.000 0.139 0.109 1.000
0.000 0.080 0.508 0.000
0.282 0.000 0.048 1.000
0.000 0.725 0.454 1.000
0.000 0.769 0.629 0.000
0.000 0.565 0.843 1.000
1.000 0.639 0.846 1.000
0.000 0.090 0.669 1.000
0.000 0.604 0.140 1.000
0.000 0.607 0.677 1.000
0.000 0.462 1.000 0.806
0.000 0.012 1.000 0.875
0.413 0.000 0.167 1.000
0.000 0.114 0.882 1.000
0.000 0.317 1.000 0.662
0.000 0.603 0.237 0.000
0.000 0.747 0.865 1.000
0.000 0.970 1.000 0.945
0.000 0.369 0.559 0.000
0.000 0.605 1.000 0.176
0.000 0.052 0.628 0.000
0.000 0.578 0.630 0.000
0.622 0.000 1.000 0.053
0.000 0.704 0.156 0.000
1.000 0.250 0.464 1.000
0.000 0.414 1.000 0.076
0.000 0.432 0.813 0.000
0.000 0.306 1.000 0.793
0.000 0.839 1.000 0.172
0.000 0.522 0.767 0.000
0.873 0.000 1.000 0.809
0.059 0.000 1.000 0.397
0.000 0.111 1.000 0.029
1.000 0.320 0.723 1.000
0.422 0.000 1.000 0.962
0.000 0.195 0.387 0.000
1.000 0.195 0.809 1.000
0.000 0.070 1.000 0.125
0.000 0.880 1.000 0.955
0.000 0.278 1.000 0.487
0.824 0.000 1.000 0.370
0.000 0.027 0.419 1.000
0.000 0.830 1.000 0.520
0.000 0.695 0.830 1.000
0.708 0.000 0.262 1.000
0.193 0.000 0.447 1.000
0.000 0.725 0.631 0.000
0.000 0.101 0.691 0.000
1.000 0.259 0.580 1.000
0.000 0.579 1.000 0.849
0.000 0.676 1.000 0.682
0.000 0.592 0.699 1.000
0.000 0.896 1.000 0.539
1.000 0.238 0.244 1.000
0.293 0.000 0.942 1.000
1.000 0.320 0.145 1.000
0.000 0.725 1.000 0.860
1.000 0.948 0.951 1.000
0.000 0.307 1.000 0.220
0.610 0.000 1.000 0.789
0.000 0.410 1.000 0.475
0.570 0.000 0.078 1.000
0.159 0.000 1.000 0.963
0.000 0.257 1.000 0.211
1.000 0.196 0.494 1.000
1.000 0.386 0.805 1.000
0.000 0.033 0.540 0.000
0.000 0.301 0.498 0.000
0.000 0.270 0.794 0.000
0.000 0.808 1.000 0.414
0.000 0.226 0.814 1.000
0.316 0.000 1.000 0.394
0.000 0.115 0.543 0.000
1.000 0.442 0.790 1.000
1.000 0.024 0.976 1.000
1.000 0.538 0.372 1.000
0.000 0.207 1.000 0.395
1.000 0.726 0.686 1.000
0.226 0.000 1.000 0.945
0.000 0.916 1.000 0.764
0.425 0.000 1.000 0.980
0.000 0.400 0.306 0.000
0.443 0.000 1.000 0.410
0.459 0.000 1.000 0.843
0.000 0.676 1.000 0.857
0.000 0.397 0.405 0.000
0.914 0.000 0.602 1.000
0.000 0.980 0.337 0.000
0.553 0.000 1.000 0.553
0.000 0.911 1.000 0.479
0.692 0.000 1.000 0.895
0.000 0.298 0.305 0.000
0.000 0.289 0.738 0.000
0.812 0.000 0.206 1.000
0.155 0.000 1.000 0.872
0.464 0.000 1.000 0.279
0.000 0.155 0.203 1.000
0.230 0.000 0.193 1.000
0.982 0.000 0.735 1.000
0.000 0.709 0.656 0.000
0.210 0.000 0.358 1.000
0.681 0.000 1.000 0.647
0.468 0.000 0.925 1.000
0.000 0.654 1.000 0.747
1.000 0.694 0.892 1.000
0.601 0.000 1.000 0.366
0.903 0.000 0.510 1.000
0.816 0.000 1.000 0.730
0.078 0.000 0.723 1.000
0.000 0.862 0.442 1.000
1.000 0.156 0.642 1.000
0.334 0.000 0.334 1.000
0.000 0.808 0.791 0.000
0.049 0.000 0.456 1.000
1.000 0.467 0.160 1.000
0.000 0.766 1.000 0.750
0.355 0.000 1.000 0.663
0.000 0.137 0.489 1.000
0.000 0.101 0.557 0.000
0.000 0.791 1.000 0.429
0.000 0.167 0.575 0.000
0.000 0.871 1.000 0.899
0.000 0.252 0.717 1.000
0.548 0.000 0.756 1.000
0.000 0.601 0.233 1.000
0.000 0.555 1.000 0.989
0.866 0.000 1.000 0.353
0.696 0.000 0.480 1.000
0.000 0.267 1.000 0.571
0.000 0.551 0.371 1.000
0.000 0.286 1.000 0.528
1.000 0.655 0.409 1.000
0.000 0.366 1.000 0.650
0.000 0.860 1.000 0.208
0.000 0.819 0.798 0.000
1.000 0.927 0.364 1.000
1.000 0.795 0.240 1.000
0.000 0.337 1.000 0.926
0.000 0.357 0.203 0.000
0.000 0.924 0.744 0.000
0.000 0.930 1.000 0.041
0.000 0.521 0.685 0.000
0.021 0.000 1.000 0.062
0.000 0.228 1.000 0.911
1.000 0.201 0.740 1.000
0.000 0.396 0.677 1.000
1.000 0.590 0.482 1.000
0.000 0.147 0.809 0.000
0.174 0.000 1.000 0.176
0.000 0.762 0.111 1.000
0.000 0.731 1.000 0.051
0.000 0.238 0.562 0.000
0.000 0.143 0.573 1.000
0.688 0.000 1.000 0.791
0.451 0.000 1.000 0.982
0.000 0.023 0.388 0.000
0.928 0.000 1.000 0.967
0.102 0.000 1.000 0.125
0.000 0.193 0.289 0.000
0.477 0.000 0.060 1.000
0.000 0.515 0.781 1.000
0.583 0.000 1.000 0.029
0.000 0.347 0.162 1.000
0.162 0.000 0.840 1.000
0.000 0.879 0.301 0.000
0.000 0.365 1.000 0.314
0.000 0.518 0.252 0.000
0.163 0.000 0.344 1.000
1.000 0.607 0.527 1.000
1.000 0.237 0.014 1.000
0.000 0.948 1.000 0.519
1.000 0.719 0.112 1.000
1.000 0.063 0.449 1.000
0.950 0.000 0.602 1.000
1.000 0.658 0.490 1.000
0.358 0.000 1.000 0.845
0.435 0.000 0.373 1.000
0.489 0.000 1.000 0.525
0.659 0.000 0.142 1.000
0.000 0.126 1.000 0.369
0.625 0.000 1.000 0.326
1.000 0.915 0.056 1.000
0.000 0.243 1.000 0.109
0.000 0.703 1.000 0.069
0.000 0.034 0.718 0.000
0.000 0.636 1.000 0.085
1.000 0.562 0.510 1.000
1.000 0.730 0.990 1.000
0.000 0.252 0.658 1.000
1.000 0.292 0.775 1.000
0.336 0.000 1.000 0.410
0.000 0.889 1.000 0.334
0.000 0.564 0.567 0.000
0.000 0.679 0.280 1.000
1.000 0.406 0.304 1.000
1.000 0.613 0.930 1.000
1.000 0.675 0.502 1.000
0.119 0.000 1.000 0.241
1.000 0.079 0.483 1.000
1.000 0.172 0.765 1.000
0.623 0.000 1.000 0.111
0.000 0.410 0.989 0.000
0.244 0.000 0.563 1.000
0.176 0.000 0.253 1.000
0.000 0.168 0.648 0.000
0.000 0.867 0.271 1.000
0.662 0.000 0.936 1.000
0.956 0.000 0.065 1.000
0.000 0.271 1.000 0.134
0.233 0.000 0.296 1.000
1.000 0.960 0.908 1.000
0.127 0.000 1.000 0.329
0.598 0.000 1.000 0.563
0.000 0.645 0.729 1.000
1.000 0.964 0.887 1.000
0.000 0.596 0.764 1.000
0.000 0.169 0.436 1.000
0.234 0.000 1.000 0.402
0.529 0.000 1.000 0.663
0.319 0.000 0.885 1.000
1.000 0.863 0.856 1.000
0.000 0.528 0.972 0.000
0.000 0.192 0.580 0.000
0.000 0.410 0.235 1.000
0.000 0.870 0.209 1.000
1.000 0.989 0.795 1.000
0.388 0.000 1.000 0.955
0.000 0.713 0.198 0.000
1.000 0.114 0.718 1.000
0.618 0.000 1.000 0.047
1.000 0.427 0.900 1.000
0.000 0.156 0.438 0.000
0.000 0.202 1.000 0.620
1.000 0.802 0.040 1.000
0.000 0.160 0.900 1.000
0.000 0.395 0.899 1.000
0.404 0.000 1.000 0.297
0.839 0.000 0.021 1.000
0.000 0.686 0.124 1.000
0.000 0.205 0.732 0.000
0.600 0.000 0.169 1.000
0.000 0.861 0.315 0.000
0.000 0.123 0.507 1.000
0.936 0.000 1.000 0.319
0.000 0.013 1.000 0.469
0.270 0.000 1.000 0.855
0.332 0.000 0.269 1.000
1.000 0.359 0.119 1.000
1.000 0.574 0.795 1.000
1.000 0.516 0.010 1.000
1.000 0.496 0.600 1.000
0.000 0.385 0.471 1.000
0.000 0.702 0.584 1.000
0.000 0.649 0.530 1.000
0.000 0.626 1.000 0.533
1.000 0.514 0.792 1.000
1.000 0.311 0.134 1.000
0.394 0.000 0.483 1.000
0.000 0.488 0.067 1.000
0.000 0.697 0.573 1.000
0.000 0.647 0.079 1.000
0.756 0.000 0.453 1.000
0.000 0.190 0.165 0.000
1.000 0.122 0.804 1.000
0.000 0.362 1.000 0.440
0.000 0.082 0.944 0.000
0.000 0.647 0.265 0.000
1.000 0.491 0.649 1.000
0.000 0.444 0.147 0.000
0.201 0.000 0.834 1.000
0.938 0.000 1.000 0.490
0.000 0.306 0.256 1.000
0.135 0.000 1.000 0.437
0.538 0.000 1.000 0.548
0.000 0.480 1.000 0.901
0.000 0.945 0.973 0.000
0.232 0.000 1.000 0.630
0.624 0.000 0.131 1.000
0.509 0.000 0.565 1.000
0.000 0.451 0.756 0.000
0.000 0.956 0.704 0.000
0.549 0.000 1.000 0.020
0.586 0.000 1.000 0.145
0.778 0.000 0.673 1.000
0.783 0.000 0.163 1.000
0.000 0.239 0.118 0.000
1.000 0.628 0.340 1.000
0.000 0.292 0.954 0.000
0.000 0.595 0.474 0.000
1.000 0.056 0.915 1.000
0.000 0.340 1.000 0.881
0.000 0.124 0.440 1.000
0.155 0.000 1.000 0.037
0.000 0.613 1.000 0.804
0.000 0.629 1.000 0.597
0.556 0.000 1.000 0.826
0.000 0.466 0.464 0.000
0.000 0.016 0.746 1.000
1.000 0.668 0.352 1.000
0.000 0.895 1.000 0.397
0.000 0.888 1.000 0.727
0.595 0.000 1.000 0.841
0.313 0.000 1.000 0.987
0.166 0.000 1.000 0.610
0.000 0.682 0.249 0.000
0.000 0.370 0.795 0.000
1.000 0.167 0.270 1.000
1.000 0.293 0.277 1.000
0.000 0.384 0.934 0.000
0.938 0.000 0.839 1.000
1.000 0.438 0.737 1.000
0.808 0.000 1.000 0.342
0.000 0.629 0.645 0.000
0.000 0.476 1.000 0.801
0.138 0.000 0.493 1.000
0.000 0.387 1.000 0.854
0.000 0.472 0.030 1.000
0.000 0.031 0.313 0.000
1.000 0.327 0.687 1.000
0.964 0.000 0.635 1.000
0.000 0.029 1.000 0.082
0.791 0.000 1.000 0.880
0.000 0.424 0.519 0.000
0.053 0.000 1.000 0.985
0.000 0.282 0.133 1.000
0.750 0.000 1.000 0.510
1.000 0.042 0.972 1.000
0.575 0.000 1.000 0.013
1.000 0.395 0.330 1.000
0.158 0.000 1.000 0.305
0.752 0.000 1.000 0.324
0.000 0.111 0.124 0.000
0.000 0.783 0.538 1.000
0.000 0.130 0.581 0.000
0.000 0.268 0.853 0.000
0.000 0.890 1.000 0.613
0.000 0.394 0.645 1.000
0.899 0.000 0.230 1.000
0.728 0.000 0.615 1.000
0.000 0.252 0.763 1.000
0.000 0.401 1.000 0.525
0.623 0.000 0.626 1.000
0.735 0.000 0.419 1.000
1.000 0.375 0.540 1.000
1.000 0.011 0.798 1.000
0.749 0.000 1.000 0.698
0.000 0.027 1.000 0.102
0.267 0.000 1.000 0.012
0.000 0.510 1.000 0.729
0.000 0.093 1.000 0.972
0.000 0.951 1.000 0.383
0.163 0.000 0.016 1.000
0.000 0.469 0.740 1.000
0.324 0.000 0.125 1.000
0.749 0.000 1.000 0.126
0.058 0.000 0.865 1.000
0.949 0.000 0.882 1.000
0.515 0.000 1.000 0.159
0.000 0.301 0.659 0.000
0.693 0.000 0.742 1.000
0.000 0.857 0.703 0.000
0.556 0.000 1.000 0.856
0.000 0.871 0.335 0.000
0.615 0.000 0.649 1.000
1.000 0.889 0.408 1.000
0.000 0.972 1.000 0.456
0.000 0.762 0.414 1.000
0.645 0.000 0.920 1.000
0.000 0.530 0.231 0.000
0.154 0.000 0.914 1.000
1.000 0.739 0.780 1.000
0.000 0.718 0.346 0.000
0.000 0.702 1.000 0.227
0.000 0.437 1.000 0.832
0.000 0.287 0.731 0.000
1.000 0.253 0.713 1.000
0.094 0.000 1.000 0.486
0.808 0.000 1.000 0.141
0.690 0.000 1.000 0.660
0.000 0.241 0.804 1.000
0.000 0.525 0.554 0.000
0.000 0.521 0.281 0.000
0.000 0.383 0.974 0.000
0.000 0.571 0.420 0.000
0.000 0.417 0.697 0.000
0.662 0.000 0.940 1.000
1.000 0.372 0.044 1.000
0.487 0.000 1.000 0.842
0.000 0.531 0.542 1.000
1.000 0.797 0.774 1.000
0.000 0.986 0.309 0.000
0.000 0.965 1.000 0.819
0.000 0.300 0.213 0.000
1.000 0.831 0.773 1.000
0.000 0.225 0.201 1.000
0.339 0.000 1.000 0.853
0.177 0.000 1.000 0.235
1.000 0.491 0.712 1.000
1.000 0.935 0.254 1.000
0.000 0.069 0.060 1.000
1.000 0.978 0.056 1.000
0.000 0.471 0.031 1.000
0.000 0.235 1.000 0.320
1.000 0.962 0.162 1.000
1.000 0.140 0.376 1.000
0.986 0.000 1.000 0.706
0.000 0.801 0.873 1.000
0.651 0.000 0.374 1.000
0.000 0.353 0.318 0.000
1.000 0.587 0.378 1.000
0.606 0.000 1.000 0.366
0.000 0.923 0.827 0.000
0.000 0.089 1.000 0.072
1.000 0.438 0.044 1.000
0.000 0.571 0.175 0.000
0.000 0.894 0.170 1.000
1.000 0.100 0.961 1.000
0.511 0.000 1.000 0.622
0.645 0.000 0.964 1.000
0.000 0.042 0.561 1.000
1.000 0.469 0.177 1.000
0.943 0.000 1.000 0.110
1.000 0.457 0.189 1.000
1.000 0.282 0.617 1.000
0.000 0.258 1.000 0.198
0.000 0.601 0.102 0.000
0.660 0.000 1.000 0.193
0.000 0.601 1.000 0.694
0.000 0.906 0.349 1.000
0.000 0.539 0.380 0.000
0.540 0.000 1.000 0.840
0.000 0.897 0.792 1.000
0.111 0.000 1.000 0.259
1.000 0.367 0.531 1.000
0.000 0.657 0.779 0.000
0.000 0.131 1.000 0.390
0.746 0.000 0.060 1.000
0.500 0.500 0.510 0.510
0.400 0.600 0.700 0.300
