15
1.000 0.685 0.319 1.000
0.164 0.000 0.416 1.000
0.176 0.000 0.796 1.000
0.000 0.663 0.308 0.000
0.082 0.000 1.000 0.881
0.804 0.000 1.000 0.609
0.455 0.000 0.817 1.000
1.000 0.487 0.818 1.000
1.000 0.642 0.925 1.000
0.900 0.000 1.000 0.193
0.000 0.684 0.868 0.000
0.000 0.332 0.042 1.000
0.000 0.759 1.000 0.208
0.000 0.155 0.861 1.000
0.747 0.000 1.000 0.933
0.402 0.176   0.237 0.835
0.402 0.176   0.517 0.349
0.402 0.176   0.846 0.262
0.402 0.176   0.914 0.234
0.402 0.176   0.592 0.563
0.402 0.176   0.696 0.264
0.402 0.176   0.472 0.755
0.402 0.176   0.923 0.527
0.402 0.176   0.206 0.442
0.402 0.176   0.684 0.932
0.402 0.176   0.798 0.837
0.402 0.176   0.143 0.028
0.402 0.176   0.244 0.563
0.402 0.176   0.592 0.101
0.402 0.176   0.083 0.302
0.402 0.176   0.745 0.469
0.402 0.176   0.869 0.976
0.402 0.176   0.468 0.554
0.402 0.176   0.115 0.141
0.402 0.176   0.594 0.461
0.402 0.176   0.981 0.980
0.402 0.176   0.009 0.668
0.402 0.176   0.955 0.686
0.402 0.176   0.778 0.942
0.402 0.176   0.390 0.457
0.402 0.176   0.408 0.337
0.402 0.176   0.016 0.981
0.402 0.176   0.974 0.397
0.402 0.176   0.322 0.349
0.402 0.176   0.213 0.099
0.402 0.176   0.211 0.322
0.402 0.176   0.767 0.715
0.402 0.176   0.780 0.036
0.402 0.176   0.735 0.845
0.402 0.176   0.984 0.015
0.402 0.176   0.997 0.683
0.402 0.176   0.989 0.847
0.402 0.176   0.010 0.731
0.402 0.176   0.236 0.037
0.402 0.176   0.338 0.533
0.402 0.176   0.494 0.443
0.402 0.176   0.954 0.722
0.402 0.176   0.924 0.790
0.402 0.176   0.258 0.154
0.402 0.176   0.883 0.756
0.402 0.176   0.216 0.146
0.402 0.176   0.398 0.985
0.402 0.176   0.971 0.847
0.402 0.176   0.993 0.882
0.402 0.176   0.813 0.963
0.402 0.176   0.993 0.549
0.402 0.176   0.007 0.616
0.402 0.176   0.841 0.991
0.402 0.176   0.831 0.014
0.402 0.176   0.932 0.708
0.402 0.176   0.287 0.447
0.402 0.176   0.690 0.831
0.237 0.835   0.517 0.349
0.237 0.835   0.846 0.262
0.237 0.835   0.914 0.234
0.237 0.835   0.592 0.563
0.237 0.835   0.696 0.264
0.237 0.835   0.472 0.755
0.237 0.835   0.923 0.527
0.237 0.835   0.206 0.442
0.237 0.835   0.684 0.932
0.237 0.835   0.798 0.837
0.237 0.835   0.143 0.028
0.237 0.835   0.244 0.563
0.237 0.835   0.592 0.101
0.237 0.835   0.083 0.302
0.237 0.835   0.745 0.469
0.237 0.835   0.869 0.976
0.237 0.835   0.468 0.554
0.237 0.835   0.115 0.141
0.237 0.835   0.594 0.461
0.237 0.835   0.981 0.980
0.237 0.835   0.009 0.668
0.237 0.835   0.955 0.686
0.237 0.835   0.778 0.942
0.237 0.835   0.390 0.457
0.237 0.835   0.408 0.337
0.237 0.835   0.016 0.981
0.237 0.835   0.974 0.397
0.237 0.835   0.322 0.349
0.237 0.835   0.213 0.099
0.237 0.835   0.211 0.322
0.237 0.835   0.767 0.715
0.237 0.835   0.780 0.036
0.237 0.835   0.735 0.845
0.237 0.835   0.984 0.015
0.237 0.835   0.997 0.683
0.237 0.835   0.989 0.847
0.237 0.835   0.010 0.731
0.237 0.835   0.236 0.037
0.237 0.835   0.338 0.533
0.237 0.835   0.494 0.443
0.237 0.835   0.954 0.722
0.237 0.835   0.924 0.790
0.237 0.835   0.258 0.154
0.237 0.835   0.883 0.756
0.237 0.835   0.216 0.146
0.237 0.835   0.398 0.985
0.237 0.835   0.971 0.847
0.237 0.835   0.993 0.882
0.237 0.835   0.813 0.963
0.237 0.835   0.993 0.549
0.237 0.835   0.007 0.616
0.237 0.835   0.841 0.991
0.237 0.835   0.831 0.014
0.237 0.835   0.932 0.708
0.237 0.835   0.287 0.447
0.237 0.835   0.690 0.831
0.517 0.349   0.846 0.262
0.517 0.349   0.914 0.234
0.517 0.349   0.592 0.563
0.517 0.349   0.696 0.264
0.517 0.349   0.472 0.755
0.517 0.349   0.923 0.527
0.517 0.349   0.206 0.442
0.517 0.349   0.684 0.932
0.517 0.349   0.798 0.837
0.517 0.349   0.143 0.028
0.517 0.349   0.244 0.563
0.517 0.349   0.592 0.101
0.517 0.349   0.083 0.302
0.517 0.349   0.745 0.469
0.517 0.349   0.869 0.976
0.517 0.349   0.468 0.554
0.517 0.349   0.115 0.141
0.517 0.349   0.594 0.461
0.517 0.349   0.981 0.980
0.517 0.349   0.009 0.668
0.517 0.349   0.955 0.686
0.517 0.349   0.778 0.942
0.517 0.349   0.390 0.457
0.517 0.349   0.408 0.337
0.517 0.349   0.016 0.981
0.517 0.349   0.974 0.397
0.517 0.349   0.322 0.349
0.517 0.349   0.213 0.099
0.517 0.349   0.211 0.322
0.517 0.349   0.767 0.715
0.517 0.349   0.780 0.036
0.517 0.349   0.735 0.845
0.517 0.349   0.984 0.015
0.517 0.349   0.997 0.683
0.517 0.349   0.989 0.847
0.517 0.349   0.010 0.731
0.517 0.349   0.236 0.037
0.517 0.349   0.338 0.533
0.517 0.349   0.494 0.443
0.517 0.349   0.954 0.722
0.517 0.349   0.924 0.790
0.517 0.349   0.258 0.154
0.517 0.349   0.883 0.756
0.517 0.349   0.216 0.146
0.517 0.349   0.398 0.985
0.517 0.349   0.971 0.847
0.517 0.349   0.993 0.882
0.517 0.349   0.813 0.963
0.517 0.349   0.993 0.549
0.517 0.349   0.007 0.616
0.517 0.349   0.841 0.991
0.517 0.349   0.831 0.014
0.517 0.349   0.932 0.708
0.517 0.349   0.287 0.447
0.517 0.349   0.690 0.831
0.846 0.262   0.914 0.234
0.846 0.262   0.592 0.563
0.846 0.262   0.696 0.264
0.846 0.262   0.472 0.755
0.846 0.262   0.923 0.527
0.846 0.262   0.206 0.442
0.846 0.262   0.684 0.932
0.846 0.262   0.798 0.837
0.846 0.262   0.143 0.028
0.846 0.262   0.244 0.563
0.846 0.262   0.592 0.101
0.846 0.262   0.083 0.302
0.846 0.262   0.745 0.469
0.846 0.262   0.869 0.976
0.846 0.262   0.468 0.554
0.846 0.262   0.115 0.141
0.846 0.262   0.594 0.461
0.846 0.262   0.981 0.980
0.846 0.262   0.009 0.668
0.846 0.262   0.955 0.686
0.846 0.262   0.778 0.942
0.846 0.262   0.390 0.457
0.846 0.262   0.408 0.337
0.846 0.262   0.016 0.981
0.846 0.262   0.974 0.397
0.846 0.262   0.322 0.349
0.846 0.262   0.213 0.099
0.846 0.262   0.211 0.322
0.846 0.262   0.767 0.715
0.846 0.262   0.780 0.036
0.846 0.262   0.735 0.845
0.846 0.262   0.984 0.015
0.846 0.262   0.997 0.683
0.846 0.262   0.989 0.847
0.846 0.262   0.010 0.731
0.846 0.262   0.236 0.037
0.846 0.262   0.338 0.533
0.846 0.262   0.494 0.443
0.846 0.262   0.954 0.722
0.846 0.262   0.924 0.790
0.846 0.262   0.258 0.154
0.846 0.262   0.883 0.756
0.846 0.262   0.216 0.146
0.846 0.262   0.398 0.985
0.846 0.262   0.971 0.847
0.846 0.262   0.993 0.882
0.846 0.262   0.813 0.963
0.846 0.262   0.993 0.549
0.846 0.262   0.007 0.616
0.846 0.262   0.841 0.991
0.846 0.262   0.831 0.014
0.846 0.262   0.932 0.708
0.846 0.262   0.287 0.447
0.846 0.262   0.690 0.831
0.914 0.234   0.592 0.563
0.914 0.234   0.696 0.264
0.914 0.234   0.472 0.755
0.914 0.234   0.923 0.527
0.914 0.234   0.206 0.442
0.914 0.234   0.684 0.932
0.914 0.234   0.798 0.837
0.914 0.234   0.143 0.028
0.914 0.234   0.244 0.563
0.914 0.234   0.592 0.101
0.914 0.234   0.083 0.302
0.914 0.234   0.745 0.469
0.914 0.234   0.869 0.976
0.914 0.234   0.468 0.554
0.914 0.234   0.115 0.141
0.914 0.234   0.594 0.461
0.914 0.234   0.981 0.980
0.914 0.234   0.009 0.668
0.914 0.234   0.955 0.686
0.914 0.234   0.778 0.942
0.914 0.234   0.390 0.457
0.914 0.234   0.408 0.337
0.914 0.234   0.016 0.981
0.914 0.234   0.974 0.397
0.914 0.234   0.322 0.349
0.914 0.234   0.213 0.099
0.914 0.234   0.211 0.322
0.914 0.234   0.767 0.715
0.914 0.234   0.780 0.036
0.914 0.234   0.735 0.845
0.914 0.234   0.984 0.015
0.914 0.234   0.997 0.683
0.914 0.234   0.989 0.847
0.914 0.234   0.010 0.731
0.914 0.234   0.236 0.037
0.914 0.234   0.338 0.533
0.914 0.234   0.494 0.443
0.914 0.234   0.954 0.722
0.914 0.234   0.924 0.790
0.914 0.234   0.258 0.154
0.914 0.234   0.883 0.756
0.914 0.234   0.216 0.146
0.914 0.234   0.398 0.985
0.914 0.234   0.971 0.847
0.914 0.234   0.993 0.882
0.914 0.234   0.813 0.963
0.914 0.234   0.993 0.549
0.914 0.234   0.007 0.616
0.914 0.234   0.841 0.991
0.914 0.234   0.831 0.014
0.914 0.234   0.932 0.708
0.914 0.234   0.287 0.447
0.914 0.234   0.690 0.831
0.592 0.563   0.696 0.264
0.592 0.563   0.472 0.755
0.592 0.563   0.923 0.527
0.592 0.563   0.206 0.442
0.592 0.563   0.684 0.932
0.592 0.563   0.798 0.837
0.592 0.563   0.143 0.028
0.592 0.563   0.244 0.563
0.592 0.563   0.592 0.101
0.592 0.563   0.083 0.302
0.592 0.563   0.745 0.469
0.592 0.563   0.869 0.976
0.592 0.563   0.468 0.554
0.592 0.563   0.115 0.141
0.592 0.563   0.594 0.461
0.592 0.563   0.981 0.980
0.592 0.563   0.009 0.668
0.592 0.563   0.955 0.686
0.592 0.563   0.778 0.942
0.592 0.563   0.390 0.457
0.592 0.563   0.408 0.337
0.592 0.563   0.016 0.981
0.592 0.563   0.974 0.397
0.592 0.563   0.322 0.349
0.592 0.563   0.213 0.099
0.592 0.563   0.211 0.322
0.592 0.563   0.767 0.715
0.592 0.563   0.780 0.036
0.592 0.563   0.735 0.845
0.592 0.563   0.984 0.015
0.592 0.563   0.997 0.683
0.592 0.563   0.989 0.847
0.592 0.563   0.010 0.731
0.592 0.563   0.236 0.037
0.592 0.563   0.338 0.533
0.592 0.563   0.494 0.443
0.592 0.563   0.954 0.722
0.592 0.563   0.924 0.790
0.592 0.563   0.258 0.154
0.592 0.563   0.883 0.756
0.592 0.563   0.216 0.146
0.592 0.563   0.398 0.985
0.592 0.563   0.971 0.847
0.592 0.563   0.993 0.882
0.592 0.563   0.813 0.963
0.592 0.563   0.993 0.549
0.592 0.563   0.007 0.616
0.592 0.563   0.841 0.991
0.592 0.563   0.831 0.014
0.592 0.563   0.932 0.708
0.592 0.563   0.287 0.447
0.592 0.563   0.690 0.831
0.696 0.264   0.472 0.755
0.696 0.264   0.923 0.527
0.696 0.264   0.206 0.442
0.696 0.264   0.684 0.932
0.696 0.264   0.798 0.837
0.696 0.264   0.143 0.028
0.696 0.264   0.244 0.563
0.696 0.264   0.592 0.101
0.696 0.264   0.083 0.302
0.696 0.264   0.745 0.469
0.696 0.264   0.869 0.976
0.696 0.264   0.468 0.554
0.696 0.264   0.115 0.141
0.696 0.264   0.594 0.461
0.696 0.264   0.981 0.980
0.696 0.264   0.009 0.668
0.696 0.264   0.955 0.686
0.696 0.264   0.778 0.942
0.696 0.264   0.390 0.457
0.696 0.264   0.408 0.337
0.696 0.264   0.016 0.981
0.696 0.264   0.974 0.397
0.696 0.264   0.322 0.349
0.696 0.264   0.213 0.099
0.696 0.264   0.211 0.322
0.696 0.264   0.767 0.715
0.696 0.264   0.780 0.036
0.696 0.264   0.735 0.845
0.696 0.264   0.984 0.015
0.696 0.264   0.997 0.683
0.696 0.264   0.989 0.847
0.696 0.264   0.010 0.731
0.696 0.264   0.236 0.037
0.696 0.264   0.338 0.533
0.696 0.264   0.494 0.443
0.696 0.264   0.954 0.722
0.696 0.264   0.924 0.790
0.696 0.264   0.258 0.154
0.696 0.264   0.883 0.756
0.696 0.264   0.216 0.146
0.696 0.264   0.398 0.985
0.696 0.264   0.971 0.847
0.696 0.264   0.993 0.882
0.696 0.264   0.813 0.963
0.696 0.264   0.993 0.549
0.696 0.264   0.007 0.616
0.696 0.264   0.841 0.991
0.696 0.264   0.831 0.014
0.696 0.264   0.932 0.708
0.696 0.264   0.287 0.447
0.696 0.264   0.690 0.831
0.472 0.755   0.923 0.527
0.472 0.755   0.206 0.442
0.472 0.755   0.684 0.932
0.472 0.755   0.798 0.837
0.472 0.755   0.143 0.028
0.472 0.755   0.244 0.563
0.472 0.755   0.592 0.101
0.472 0.755   0.083 0.302
0.472 0.755   0.745 0.469
0.472 0.755   0.869 0.976
0.472 0.755   0.468 0.554
0.472 0.755   0.115 0.141
0.472 0.755   0.594 0.461
0.472 0.755   0.981 0.980
0.472 0.755   0.009 0.668
0.472 0.755   0.955 0.686
0.472 0.755   0.778 0.942
0.472 0.755   0.390 0.457
0.472 0.755   0.408 0.337
0.472 0.755   0.016 0.981
0.472 0.755   0.974 0.397
0.472 0.755   0.322 0.349
0.472 0.755   0.213 0.099
0.472 0.755   0.211 0.322
0.472 0.755   0.767 0.715
0.472 0.755   0.780 0.036
0.472 0.755   0.735 0.845
0.472 0.755   0.984 0.015
0.472 0.755   0.997 0.683
0.472 0.755   0.989 0.847
0.472 0.755   0.010 0.731
0.472 0.755   0.236 0.037
0.472 0.755   0.338 0.533
0.472 0.755   0.494 0.443
0.472 0.755   0.954 0.722
0.472 0.755   0.924 0.790
0.472 0.755   0.258 0.154
0.472 0.755   0.883 0.756
0.472 0.755   0.216 0.146
0.472 0.755   0.398 0.985
0.472 0.755   0.971 0.847
0.472 0.755   0.993 0.882
0.472 0.755   0.813 0.963
0.472 0.755   0.993 0.549
0.472 0.755   0.007 0.616
0.472 0.755   0.841 0.991
0.472 0.755   0.831 0.014
0.472 0.755   0.932 0.708
0.472 0.755   0.287 0.447
0.472 0.755   0.690 0.831
0.923 0.527   0.206 0.442
0.923 0.527   0.684 0.932
0.923 0.527   0.798 0.837
0.923 0.527   0.143 0.028
0.923 0.527   0.244 0.563
0.923 0.527   0.592 0.101
0.923 0.527   0.083 0.302
0.923 0.527   0.745 0.469
0.923 0.527   0.869 0.976
0.923 0.527   0.468 0.554
0.923 0.527   0.115 0.141
0.923 0.527   0.594 0.461
0.923 0.527   0.981 0.980
0.923 0.527   0.009 0.668
0.923 0.527   0.955 0.686
0.923 0.527   0.778 0.942
0.923 0.527   0.390 0.457
0.923 0.527   0.408 0.337
0.923 0.527   0.016 0.981
0.923 0.527   0.974 0.397
0.923 0.527   0.322 0.349
0.923 0.527   0.213 0.099
0.923 0.527   0.211 0.322
0.923 0.527   0.767 0.715
0.923 0.527   0.780 0.036
0.923 0.527   0.735 0.845
0.923 0.527   0.984 0.015
0.923 0.527   0.997 0.683
0.923 0.527   0.989 0.847
0.923 0.527   0.010 0.731
0.923 0.527   0.236 0.037
0.923 0.527   0.338 0.533
0.923 0.527   0.494 0.443
0.923 0.527   0.954 0.722
0.923 0.527   0.924 0.790
0.923 0.527   0.258 0.154
0.923 0.527   0.883 0.756
0.923 0.527   0.216 0.146
0.923 0.527   0.398 0.985
0.923 0.527   0.971 0.847
0.923 0.527   0.993 0.882
0.923 0.527   0.813 0.963
0.923 0.527   0.993 0.549
0.923 0.527   0.007 0.616
0.923 0.527   0.841 0.991
0.923 0.527   0.831 0.014
0.923 0.527   0.932 0.708
0.923 0.527   0.287 0.447
0.923 0.527   0.690 0.831
0.206 0.442   0.684 0.932
0.206 0.442   0.798 0.837
0.206 0.442   0.143 0.028
0.206 0.442   0.244 0.563
0.206 0.442   0.592 0.101
0.206 0.442   0.083 0.302
0.206 0.442   0.745 0.469
0.206 0.442   0.869 0.976
0.206 0.442   0.468 0.554
0.206 0.442   0.115 0.141
0.206 0.442   0.594 0.461
0.206 0.442   0.981 0.980
0.206 0.442   0.009 0.668
0.206 0.442   0.955 0.686
0.206 0.442   0.778 0.942
0.206 0.442   0.390 0.457
0.206 0.442   0.408 0.337
0.206 0.442   0.016 0.981
0.206 0.442   0.974 0.397
0.206 0.442   0.322 0.349
0.206 0.442   0.213 0.099
0.206 0.442   0.211 0.322
0.206 0.442   0.767 0.715
0.206 0.442   0.780 0.036
0.206 0.442   0.735 0.845
0.206 0.442   0.984 0.015
0.206 0.442   0.997 0.683
0.206 0.442   0.989 0.847
0.206 0.442   0.010 0.731
0.206 0.442   0.236 0.037
0.206 0.442   0.338 0.533
0.206 0.442   0.494 0.443
0.206 0.442   0.954 0.722
0.206 0.442   0.924 0.790
0.206 0.442   0.258 0.154
0.206 0.442   0.883 0.756
0.206 0.442   0.216 0.146
0.206 0.442   0.398 0.985
0.206 0.442   0.971 0.847
0.206 0.442   0.993 0.882
0.206 0.442   0.813 0.963
0.206 0.442   0.993 0.549
0.206 0.442   0.007 0.616
0.206 0.442   0.841 0.991
0.206 0.442   0.831 0.014
0.206 0.442   0.932 0.708
0.206 0.442   0.287 0.447
0.206 0.442   0.690 0.831
0.684 0.932   0.798 0.837
0.684 0.932   0.143 0.028
0.684 0.932   0.244 0.563
0.684 0.932   0.592 0.101
0.684 0.932   0.083 0.302
0.684 0.932   0.745 0.469
0.684 0.932   0.869 0.976
0.684 0.932   0.468 0.554
0.684 0.932   0.115 0.141
0.684 0.932   0.594 0.461
0.684 0.932   0.981 0.980
0.684 0.932   0.009 0.668
0.684 0.932   0.955 0.686
0.684 0.932   0.778 0.942
0.684 0.932   0.390 0.457
0.684 0.932   0.408 0.337
0.684 0.932   0.016 0.981
0.684 0.932   0.974 0.397
0.684 0.932   0.322 0.349
0.684 0.932   0.213 0.099
0.684 0.932   0.211 0.322
0.684 0.932   0.767 0.715
0.684 0.932   0.780 0.036
0.684 0.932   0.735 0.845
0.684 0.932   0.984 0.015
0.684 0.932   0.997 0.683
0.684 0.932   0.989 0.847
0.684 0.932   0.010 0.731
0.684 0.932   0.236 0.037
0.684 0.932   0.338 0.533
0.684 0.932   0.494 0.443
0.684 0.932   0.954 0.722
0.684 0.932   0.924 0.790
0.684 0.932   0.258 0.154
0.684 0.932   0.883 0.756
0.684 0.932   0.216 0.146
0.684 0.932   0.398 0.985
0.684 0.932   0.971 0.847
0.684 0.932   0.993 0.882
0.684 0.932   0.813 0.963
0.684 0.932   0.993 0.549
0.684 0.932   0.007 0.616
0.684 0.932   0.841 0.991
0.684 0.932   0.831 0.014
0.684 0.932   0.932 0.708
0.684 0.932   0.287 0.447
0.684 0.932   0.690 0.831
0.798 0.837   0.143 0.028
0.798 0.837   0.244 0.563
0.798 0.837   0.592 0.101
0.798 0.837   0.083 0.302
0.798 0.837   0.745 0.469
0.798 0.837   0.869 0.976
0.798 0.837   0.468 0.554
0.798 0.837   0.115 0.141
0.798 0.837   0.594 0.461
0.798 0.837   0.981 0.980
0.798 0.837   0.009 0.668
0.798 0.837   0.955 0.686
0.798 0.837   0.778 0.942
0.798 0.837   0.390 0.457
0.798 0.837   0.408 0.337
0.798 0.837   0.016 0.981
0.798 0.837   0.974 0.397
0.798 0.837   0.322 0.349
0.798 0.837   0.213 0.099
0.798 0.837   0.211 0.322
0.798 0.837   0.767 0.715
0.798 0.837   0.780 0.036
0.798 0.837   0.735 0.845
0.798 0.837   0.984 0.015
0.798 0.837   0.997 0.683
0.798 0.837   0.989 0.847
0.798 0.837   0.010 0.731
0.798 0.837   0.236 0.037
0.798 0.837   0.338 0.533
0.798 0.837   0.494 0.443
0.798 0.837   0.954 0.722
0.798 0.837   0.924 0.790
0.798 0.837   0.258 0.154
0.798 0.837   0.883 0.756
0.798 0.837   0.216 0.146
0.798 0.837   0.398 0.985
0.798 0.837   0.971 0.847
0.798 0.837   0.993 0.882
0.798 0.837   0.813 0.963
0.798 0.837   0.993 0.549
0.798 0.837   0.007 0.616
0.798 0.837   0.841 0.991
0.798 0.837   0.831 0.014
0.798 0.837   0.932 0.708
0.798 0.837   0.287 0.447
0.798 0.837   0.690 0.831
0.143 0.028   0.244 0.563
0.143 0.028   0.592 0.101
0.143 0.028   0.083 0.302
0.143 0.028   0.745 0.469
0.143 0.028   0.869 0.976
0.143 0.028   0.468 0.554
0.143 0.028   0.115 0.141
0.143 0.028   0.594 0.461
0.143 0.028   0.981 0.980
0.143 0.028   0.009 0.668
0.143 0.028   0.955 0.686
0.143 0.028   0.778 0.942
0.143 0.028   0.390 0.457
0.143 0.028   0.408 0.337
0.143 0.028   0.016 0.981
0.143 0.028   0.974 0.397
0.143 0.028   0.322 0.349
0.143 0.028   0.213 0.099
0.143 0.028   0.211 0.322
0.143 0.028   0.767 0.715
0.143 0.028   0.780 0.036
0.143 0.028   0.735 0.845
0.143 0.028   0.984 0.015
0.143 0.028   0.997 0.683
0.143 0.028   0.989 0.847
0.143 0.028   0.010 0.731
0.143 0.028   0.236 0.037
0.143 0.028   0.338 0.533
0.143 0.028   0.494 0.443
0.143 0.028   0.954 0.722
0.143 0.028   0.924 0.790
0.143 0.028   0.258 0.154
0.143 0.028   0.883 0.756
0.143 0.028   0.216 0.146
0.143 0.028   0.398 0.985
0.143 0.028   0.971 0.847
0.143 0.028   0.993 0.882
0.143 0.028   0.813 0.963
0.143 0.028   0.993 0.549
0.143 0.028   0.007 0.616
0.143 0.028   0.841 0.991
0.143 0.028   0.831 0.014
0.143 0.028   0.932 0.708
0.143 0.028   0.287 0.447
0.143 0.028   0.690 0.831
0.244 0.563   0.592 0.101
0.244 0.563   0.083 0.302
0.244 0.563   0.745 0.469
0.244 0.563   0.869 0.976
0.244 0.563   0.468 0.554
0.244 0.563   0.115 0.141
0.244 0.563   0.594 0.461
0.244 0.563   0.981 0.980
0.244 0.563   0.009 0.668
0.244 0.563   0.955 0.686
0.244 0.563   0.778 0.942
0.244 0.563   0.390 0.457
0.244 0.563   0.408 0.337
0.244 0.563   0.016 0.981
0.244 0.563   0.974 0.397
0.244 0.563   0.322 0.349
0.244 0.563   0.213 0.099
0.244 0.563   0.211 0.322
0.244 0.563   0.767 0.715
0.244 0.563   0.780 0.036
0.244 0.563   0.735 0.845
0.244 0.563   0.984 0.015
0.244 0.563   0.997 0.683
0.244 0.563   0.989 0.847
0.244 0.563   0.010 0.731
0.244 0.563   0.236 0.037
0.244 0.563   0.338 0.533
0.244 0.563   0.494 0.443
0.244 0.563   0.954 0.722
0.244 0.563   0.924 0.790
0.244 0.563   0.258 0.154
0.244 0.563   0.883 0.756
0.244 0.563   0.216 0.146
0.244 0.563   0.398 0.985
0.244 0.563   0.971 0.847
0.244 0.563   0.993 0.882
0.244 0.563   0.813 0.963
0.244 0.563   0.993 0.549
0.244 0.563   0.007 0.616
0.244 0.563   0.841 0.991
0.244 0.563   0.831 0.014
0.244 0.563   0.932 0.708
0.244 0.563   0.287 0.447
0.244 0.563   0.690 0.831
0.592 0.101   0.083 0.302
0.592 0.101   0.745 0.469
0.592 0.101   0.869 0.976
0.592 0.101   0.468 0.554
0.592 0.101   0.115 0.141
0.592 0.101   0.594 0.461
0.592 0.101   0.981 0.980
0.592 0.101   0.009 0.668
0.592 0.101   0.955 0.686
0.592 0.101   0.778 0.942
0.592 0.101   0.390 0.457
0.592 0.101   0.408 0.337
0.592 0.101   0.016 0.981
0.592 0.101   0.974 0.397
0.592 0.101   0.322 0.349
0.592 0.101   0.213 0.099
0.592 0.101   0.211 0.322
0.592 0.101   0.767 0.715
0.592 0.101   0.780 0.036
0.592 0.101   0.735 0.845
0.592 0.101   0.984 0.015
0.592 0.101   0.997 0.683
0.592 0.101   0.989 0.847
0.592 0.101   0.010 0.731
0.592 0.101   0.236 0.037
0.592 0.101   0.338 0.533
0.592 0.101   0.494 0.443
0.592 0.101   0.954 0.722
0.592 0.101   0.924 0.790
0.592 0.101   0.258 0.154
0.592 0.101   0.883 0.756
0.592 0.101   0.216 0.146
0.592 0.101   0.398 0.985
0.592 0.101   0.971 0.847
0.592 0.101   0.993 0.882
0.592 0.101   0.813 0.963
0.592 0.101   0.993 0.549
0.592 0.101   0.007 0.616
0.592 0.101   0.841 0.991
0.592 0.101   0.831 0.014
0.592 0.101   0.932 0.708
0.592 0.101   0.287 0.447
0.592 0.101   0.690 0.831
0.083 0.302   0.745 0.469
0.083 0.302   0.869 0.976
0.083 0.302   0.468 0.554
0.083 0.302   0.115 0.141
0.083 0.302   0.594 0.461
0.083 0.302   0.981 0.980
0.083 0.302   0.009 0.668
0.083 0.302   0.955 0.686
0.083 0.302   0.778 0.942
0.083 0.302   0.390 0.457
0.083 0.302   0.408 0.337
0.083 0.302   0.016 0.981
0.083 0.302   0.974 0.397
0.083 0.302   0.322 0.349
0.083 0.302   0.213 0.099
0.083 0.302   0.211 0.322
0.083 0.302   0.767 0.715
0.083 0.302   0.780 0.036
0.083 0.302   0.735 0.845
0.083 0.302   0.984 0.015
0.083 0.302   0.997 0.683
0.083 0.302   0.989 0.847
0.083 0.302   0.010 0.731
0.083 0.302   0.236 0.037
0.083 0.302   0.338 0.533
0.083 0.302   0.494 0.443
0.083 0.302   0.954 0.722
0.083 0.302   0.924 0.790
0.083 0.302   0.258 0.154
0.083 0.302   0.883 0.756
0.083 0.302   0.216 0.146
0.083 0.302   0.398 0.985
0.083 0.302   0.971 0.847
0.083 0.302   0.993 0.882
0.083 0.302   0.813 0.963
0.083 0.302   0.993 0.549
0.083 0.302   0.007 0.616
0.083 0.302   0.841 0.991
0.083 0.302   0.831 0.014
0.083 0.302   0.932 0.708
0.083 0.302   0.287 0.447
0.083 0.302   0.690 0.831
0.745 0.469   0.869 0.976
0.745 0.469   0.468 0.554
0.745 0.469   0.115 0.141
0.745 0.469   0.594 0.461
0.745 0.469   0.981 0.980
0.745 0.469   0.009 0.668
0.745 0.469   0.955 0.686
0.745 0.469   0.778 0.942
0.745 0.469   0.390 0.457
0.745 0.469   0.408 0.337
0.745 0.469   0.016 0.981
0.745 0.469   0.974 0.397
0.745 0.469   0.322 0.349
0.745 0.469   0.213 0.099
0.745 0.469   0.211 0.322
0.745 0.469   0.767 0.715
0.745 0.469   0.780 0.036
0.745 0.469   0.735 0.845
0.745 0.469   0.984 0.015
0.745 0.469   0.997 0.683
0.745 0.469   0.989 0.847
0.745 0.469   0.010 0.731
0.745 0.469   0.236 0.037
0.745 0.469   0.338 0.533
0.745 0.469   0.494 0.443
0.745 0.469   0.954 0.722
0.745 0.469   0.924 0.790
0.745 0.469   0.258 0.154
0.745 0.469   0.883 0.756
0.745 0.469   0.216 0.146
0.745 0.469   0.398 0.985
0.745 0.469   0.971 0.847
0.745 0.469   0.993 0.882
0.745 0.469   0.813 0.963
0.745 0.469   0.993 0.549
0.745 0.469   0.007 0.616
0.745 0.469   0.841 0.991
0.745 0.469   0.831 0.014
0.745 0.469   0.932 0.708
0.745 0.469   0.287 0.447
0.745 0.469   0.690 0.831
0.869 0.976   0.468 0.554
0.869 0.976   0.115 0.141
0.869 0.976   0.594 0.461
0.869 0.976   0.981 0.980
0.869 0.976   0.009 0.668
0.869 0.976   0.955 0.686
0.869 0.976   0.778 0.942
0.869 0.976   0.390 0.457
0.869 0.976   0.408 0.337
0.869 0.976   0.016 0.981
0.869 0.976   0.974 0.397
0.869 0.976   0.322 0.349
0.869 0.976   0.213 0.099
0.869 0.976   0.211 0.322
0.869 0.976   0.767 0.715
0.869 0.976   0.780 0.036
0.869 0.976   0.735 0.845
0.869 0.976   0.984 0.015
0.869 0.976   0.997 0.683
0.869 0.976   0.989 0.847
0.869 0.976   0.010 0.731
0.869 0.976   0.236 0.037
0.869 0.976   0.338 0.533
0.869 0.976   0.494 0.443
0.869 0.976   0.954 0.722
0.869 0.976   0.924 0.790
0.869 0.976   0.258 0.154
0.869 0.976   0.883 0.756
0.869 0.976   0.216 0.146
0.869 0.976   0.398 0.985
0.869 0.976   0.971 0.847
0.869 0.976   0.993 0.882
0.869 0.976   0.813 0.963
0.869 0.976   0.993 0.549
0.869 0.976   0.007 0.616
0.869 0.976   0.841 0.991
0.869 0.976   0.831 0.014
0.869 0.976   0.932 0.708
0.869 0.976   0.287 0.447
0.869 0.976   0.690 0.831
0.468 0.554   0.115 0.141
0.468 0.554   0.594 0.461
0.468 0.554   0.981 0.980
0.468 0.554   0.009 0.668
0.468 0.554   0.955 0.686
0.468 0.554   0.778 0.942
0.468 0.554   0.390 0.457
0.468 0.554   0.408 0.337
0.468 0.554   0.016 0.981
0.468 0.554   0.974 0.397
0.468 0.554   0.322 0.349
0.468 0.554   0.213 0.099
0.468 0.554   0.211 0.322
0.468 0.554   0.767 0.715
0.468 0.554   0.780 0.036
0.468 0.554   0.735 0.845
0.468 0.554   0.984 0.015
0.468 0.554   0.997 0.683
0.468 0.554   0.989 0.847
0.468 0.554   0.010 0.731
0.468 0.554   0.236 0.037
0.468 0.554   0.338 0.533
0.468 0.554   0.494 0.443
0.468 0.554   0.954 0.722
0.468 0.554   0.924 0.790
0.468 0.554   0.258 0.154
0.468 0.554   0.883 0.756
0.468 0.554   0.216 0.146
0.468 0.554   0.398 0.985
0.468 0.554   0.971 0.847
0.468 0.554   0.993 0.882
0.468 0.554   0.813 0.963
0.468 0.554   0.993 0.549
0.468 0.554   0.007 0.616
0.468 0.554   0.841 0.991
0.468 0.554   0.831 0.014
0.468 0.554   0.932 0.708
0.468 0.554   0.287 0.447
0.468 0.554   0.690 0.831
0.115 0.141   0.594 0.461
0.115 0.141   0.981 0.980
0.115 0.141   0.009 0.668
0.115 0.141   0.955 0.686
0.115 0.141   0.778 0.942
0.115 0.141   0.390 0.457
0.115 0.141   0.408 0.337
0.115 0.141   0.016 0.981
0.115 0.141   0.974 0.397
0.115 0.141   0.322 0.349
0.115 0.141   0.213 0.099
0.115 0.141   0.211 0.322
0.115 0.141   0.767 0.715
0.115 0.141   0.780 0.036
0.115 0.141   0.735 0.845
0.115 0.141   0.984 0.015
0.115 0.141   0.997 0.683
0.115 0.141   0.989 0.847
0.115 0.141   0.010 0.731
0.115 0.141   0.236 0.037
0.115 0.141   0.338 0.533
0.115 0.141   0.494 0.443
0.115 0.141   0.954 0.722
0.115 0.141   0.924 0.790
0.115 0.141   0.258 0.154
0.115 0.141   0.883 0.756
0.115 0.141   0.216 0.146
0.115 0.141   0.398 0.985
0.115 0.141   0.971 0.847
0.115 0.141   0.993 0.882
0.115 0.141   0.813 0.963
0.115 0.141   0.993 0.549
0.115 0.141   0.007 0.616
0.115 0.141   0.841 0.991
0.115 0.141   0.831 0.014
0.115 0.141   0.932 0.708
0.115 0.141   0.287 0.447
0.115 0.141   0.690 0.831
0.594 0.461   0.981 0.980
0.594 0.461   0.009 0.668
0.594 0.461   0.955 0.686
0.594 0.461   0.778 0.942
0.594 0.461   0.390 0.457
0.594 0.461   0.408 0.337
0.594 0.461   0.016 0.981
0.594 0.461   0.974 0.397
0.594 0.461   0.322 0.349
0.594 0.461   0.213 0.099
0.594 0.461   0.211 0.322
0.594 0.461   0.767 0.715
0.594 0.461   0.780 0.036
0.594 0.461   0.735 0.845
0.594 0.461   0.984 0.015
0.594 0.461   0.997 0.683
0.594 0.461   0.989 0.847
0.594 0.461   0.010 0.731
0.594 0.461   0.236 0.037
0.594 0.461   0.338 0.533
0.594 0.461   0.494 0.443
0.594 0.461   0.954 0.722
0.594 0.461   0.924 0.790
0.594 0.461   0.258 0.154
0.594 0.461   0.883 0.756
0.594 0.461   0.216 0.146
0.594 0.461   0.398 0.985
0.594 0.461   0.971 0.847
0.594 0.461   0.993 0.882
0.594 0.461   0.813 0.963
0.594 0.461   0.993 0.549
0.594 0.461   0.007 0.616
0.594 0.461   0.841 0.991
0.594 0.461   0.831 0.014
0.594 0.461   0.932 0.708
0.594 0.461   0.287 0.447
0.594 0.461   0.690 0.831
0.981 0.980   0.009 0.668
0.981 0.980   0.955 0.686
0.981 0.980   0.778 0.942
0.981 0.980   0.390 0.457
0.981 0.980   0.408 0.337
0.981 0.980   0.016 0.981
0.981 0.980   0.974 0.397
0.981 0.980   0.322 0.349
0.981 0.980   0.213 0.099
0.981 0.980   0.211 0.322
0.981 0.980   0.767 0.715
0.981 0.980   0.780 0.036
0.981 0.980   0.735 0.845
0.981 0.980   0.984 0.015
0.981 0.980   0.997 0.683
0.981 0.980   0.989 0.847
0.981 0.980   0.010 0.731
0.981 0.980   0.236 0.037
0.981 0.980   0.338 0.533
0.981 0.980   0.494 0.443
0.981 0.980   0.954 0.722
0.981 0.980   0.924 0.790
0.981 0.980   0.258 0.154
0.981 0.980   0.883 0.756
0.981 0.980   0.216 0.146
0.981 0.980   0.398 0.985
0.981 0.980   0.971 0.847
0.981 0.980   0.993 0.882
0.981 0.980   0.813 0.963
0.981 0.980   0.993 0.549
0.981 0.980   0.007 0.616
0.981 0.980   0.841 0.991
0.981 0.980   0.831 0.014
0.981 0.980   0.932 0.708
0.981 0.980   0.287 0.447
0.981 0.980   0.690 0.831
0.009 0.668   0.955 0.686
0.009 0.668   0.778 0.942
0.009 0.668   0.390 0.457
0.009 0.668   0.408 0.337
0.009 0.668   0.016 0.981
0.009 0.668   0.974 0.397
0.009 0.668   0.322 0.349
0.009 0.668   0.213 0.099
0.009 0.668   0.211 0.322
0.009 0.668   0.767 0.715
0.009 0.668   0.780 0.036
0.009 0.668   0.735 0.845
0.009 0.668   0.984 0.015
0.009 0.668   0.997 0.683
0.009 0.668   0.989 0.847
0.009 0.668   0.010 0.731
0.009 0.668   0.236 0.037
0.009 0.668   0.338 0.533
0.009 0.668   0.494 0.443
0.009 0.668   0.954 0.722
0.009 0.668   0.924 0.790
0.009 0.668   0.258 0.154
0.009 0.668   0.883 0.756
0.009 0.668   0.216 0.146
0.009 0.668   0.398 0.985
0.009 0.668   0.971 0.847
0.009 0.668   0.993 0.882
0.009 0.668   0.813 0.963
0.009 0.668   0.993 0.549
0.009 0.668   0.007 0.616
0.009 0.668   0.841 0.991
0.009 0.668   0.831 0.014
0.009 0.668   0.932 0.708
0.009 0.668   0.287 0.447
0.009 0.668   0.690 0.831
0.955 0.686   0.778 0.942
0.955 0.686   0.390 0.457
0.955 0.686   0.408 0.337
0.955 0.686   0.016 0.981
0.955 0.686   0.974 0.397
0.955 0.686   0.322 0.349
0.955 0.686   0.213 0.099
0.955 0.686   0.211 0.322
0.955 0.686   0.767 0.715
0.955 0.686   0.780 0.036
0.955 0.686   0.735 0.845
0.955 0.686   0.984 0.015
0.955 0.686   0.997 0.683
0.955 0.686   0.989 0.847
0.955 0.686   0.010 0.731
0.955 0.686   0.236 0.037
0.955 0.686   0.338 0.533
0.955 0.686   0.494 0.443
0.955 0.686   0.954 0.722
0.955 0.686   0.924 0.790
0.955 0.686   0.258 0.154
0.955 0.686   0.883 0.756
0.955 0.686   0.216 0.146
0.955 0.686   0.398 0.985
0.955 0.686   0.971 0.847
0.955 0.686   0.993 0.882
0.955 0.686   0.813 0.963
0.955 0.686   0.993 0.549
0.955 0.686   0.007 0.616
0.955 0.686   0.841 0.991
0.955 0.686   0.831 0.014
0.955 0.686   0.932 0.708
0.955 0.686   0.287 0.447
0.955 0.686   0.690 0.831
0.778 0.942   0.390 0.457
0.778 0.942   0.408 0.337
0.778 0.942   0.016 0.981
0.778 0.942   0.974 0.397
0.778 0.942   0.322 0.349
0.778 0.942   0.213 0.099
0.778 0.942   0.211 0.322
0.778 0.942   0.767 0.715
0.778 0.942   0.780 0.036
0.778 0.942   0.735 0.845
0.778 0.942   0.984 0.015
0.778 0.942   0.997 0.683
0.778 0.942   0.989 0.847
0.778 0.942   0.010 0.731
0.778 0.942   0.236 0.037
0.778 0.942   0.338 0.533
0.778 0.942   0.494 0.443
0.778 0.942   0.954 0.722
0.778 0.942   0.924 0.790
0.778 0.942   0.258 0.154
0.778 0.942   0.883 0.756
0.778 0.942   0.216 0.146
0.778 0.942   0.398 0.985
0.778 0.942   0.971 0.847
0.778 0.942   0.993 0.882
0.778 0.942   0.813 0.963
0.778 0.942   0.993 0.549
0.778 0.942   0.007 0.616
0.778 0.942   0.841 0.991
0.778 0.942   0.831 0.014
0.778 0.942   0.932 0.708
0.778 0.942   0.287 0.447
0.778 0.942   0.690 0.831
0.390 0.457   0.408 0.337
0.390 0.457   0.016 0.981
0.390 0.457   0.974 0.397
0.390 0.457   0.322 0.349
0.390 0.457   0.213 0.099
0.390 0.457   0.211 0.322
0.390 0.457   0.767 0.715
0.390 0.457   0.780 0.036
0.390 0.457   0.735 0.845
0.390 0.457   0.984 0.015
0.390 0.457   0.997 0.683
0.390 0.457   0.989 0.847
0.390 0.457   0.010 0.731
0.390 0.457   0.236 0.037
0.390 0.457   0.338 0.533
0.390 0.457   0.494 0.443
0.390 0.457   0.954 0.722
0.390 0.457   0.924 0.790
0.390 0.457   0.258 0.154
0.390 0.457   0.883 0.756
0.390 0.457   0.216 0.146
0.390 0.457   0.398 0.985
0.390 0.457   0.971 0.847
0.390 0.457   0.993 0.882
0.390 0.457   0.813 0.963
0.390 0.457   0.993 0.549
0.390 0.457   0.007 0.616
0.390 0.457   0.841 0.991
0.390 0.457   0.831 0.014
0.390 0.457   0.932 0.708
0.390 0.457   0.287 0.447
0.390 0.457   0.690 0.831
0.408 0.337   0.016 0.981
0.408 0.337   0.974 0.397
0.408 0.337   0.322 0.349
0.408 0.337   0.213 0.099
0.408 0.337   0.211 0.322
0.408 0.337   0.767 0.715
0.408 0.337   0.780 0.036
0.408 0.337   0.735 0.845
0.408 0.337   0.984 0.015
0.408 0.337   0.997 0.683
0.408 0.337   0.989 0.847
0.408 0.337   0.010 0.731
0.408 0.337   0.236 0.037
0.408 0.337   0.338 0.533
0.408 0.337   0.494 0.443
0.408 0.337   0.954 0.722
0.408 0.337   0.924 0.790
0.408 0.337   0.258 0.154
0.408 0.337   0.883 0.756
0.408 0.337   0.216 0.146
0.408 0.337   0.398 0.985
0.408 0.337   0.971 0.847
0.408 0.337   0.993 0.882
0.408 0.337   0.813 0.963
0.408 0.337   0.993 0.549
0.408 0.337   0.007 0.616
0.408 0.337   0.841 0.991
0.408 0.337   0.831 0.014
0.408 0.337   0.932 0.708
0.408 0.337   0.287 0.447
0.408 0.337   0.690 0.831
0.016 0.981   0.974 0.397
0.016 0.981   0.322 0.349
0.016 0.981   0.213 0.099
0.016 0.981   0.211 0.322
0.016 0.981   0.767 0.715
0.016 0.981   0.780 0.036
0.016 0.981   0.735 0.845
0.016 0.981   0.984 0.015
0.016 0.981   0.997 0.683
0.016 0.981   0.989 0.847
0.016 0.981   0.010 0.731
0.016 0.981   0.236 0.037
0.016 0.981   0.338 0.533
0.016 0.981   0.494 0.443
0.016 0.981   0.954 0.722
0.016 0.981   0.924 0.790
0.016 0.981   0.258 0.154
0.016 0.981   0.883 0.756
0.016 0.981   0.216 0.146
0.016 0.981   0.398 0.985
0.016 0.981   0.971 0.847
0.016 0.981   0.993 0.882
0.016 0.981   0.813 0.963
0.016 0.981   0.993 0.549
0.016 0.981   0.007 0.616
0.016 0.981   0.841 0.991
0.016 0.981   0.831 0.014
0.016 0.981   0.932 0.708
0.016 0.981   0.287 0.447
0.016 0.981   0.690 0.831
0.974 0.397   0.322 0.349
0.974 0.397   0.213 0.099
0.974 0.397   0.211 0.322
0.974 0.397   0.767 0.715
0.974 0.397   0.780 0.036
0.974 0.397   0.735 0.845
0.974 0.397   0.984 0.015
0.974 0.397   0.997 0.683
0.974 0.397   0.989 0.847
0.974 0.397   0.010 0.731
0.974 0.397   0.236 0.037
0.974 0.397   0.338 0.533
0.974 0.397   0.494 0.443
0.974 0.397   0.954 0.722
0.974 0.397   0.924 0.790
0.974 0.397   0.258 0.154
0.974 0.397   0.883 0.756
0.974 0.397   0.216 0.146
0.974 0.397   0.398 0.985
0.974 0.397   0.971 0.847
0.974 0.397   0.993 0.882
0.974 0.397   0.813 0.963
0.974 0.397   0.993 0.549
0.974 0.397   0.007 0.616
0.974 0.397   0.841 0.991
0.974 0.397   0.831 0.014
0.974 0.397   0.932 0.708
0.974 0.397   0.287 0.447
0.974 0.397   0.690 0.831
0.322 0.349   0.213 0.099
0.322 0.349   0.211 0.322
0.322 0.349   0.767 0.715
0.322 0.349   0.780 0.036
0.322 0.349   0.735 0.845
0.322 0.349   0.984 0.015
0.322 0.349   0.997 0.683
0.322 0.349   0.989 0.847
0.322 0.349   0.010 0.731
0.322 0.349   0.236 0.037
0.322 0.349   0.338 0.533
0.322 0.349   0.494 0.443
0.322 0.349   0.954 0.722
0.322 0.349   0.924 0.790
0.322 0.349   0.258 0.154
0.322 0.349   0.883 0.756
0.322 0.349   0.216 0.146
0.322 0.349   0.398 0.985
0.322 0.349   0.971 0.847
0.322 0.349   0.993 0.882
0.322 0.349   0.813 0.963
0.322 0.349   0.993 0.549
0.322 0.349   0.007 0.616
0.322 0.349   0.841 0.991
0.322 0.349   0.831 0.014
0.322 0.349   0.932 0.708
0.322 0.349   0.287 0.447
0.322 0.349   0.690 0.831
0.213 0.099   0.211 0.322
0.213 0.099   0.767 0.715
0.213 0.099   0.780 0.036
0.213 0.099   0.735 0.845
0.213 0.099   0.984 0.015
0.213 0.099   0.997 0.683
0.213 0.099   0.989 0.847
0.213 0.099   0.010 0.731
0.213 0.099   0.236 0.037
0.213 0.099   0.338 0.533
0.213 0.099   0.494 0.443
0.213 0.099   0.954 0.722
0.213 0.099   0.924 0.790
0.213 0.099   0.258 0.154
0.213 0.099   0.883 0.756
0.213 0.099   0.216 0.146
0.213 0.099   0.398 0.985
0.213 0.099   0.971 0.847
0.213 0.099   0.993 0.882
0.213 0.099   0.813 0.963
0.213 0.099   0.993 0.549
0.213 0.099   0.007 0.616
0.213 0.099   0.841 0.991
0.213 0.099   0.831 0.014
0.213 0.099   0.932 0.708
0.213 0.099   0.287 0.447
0.213 0.099   0.690 0.831
0.211 0.322   0.767 0.715
0.211 0.322   0.780 0.036
0.211 0.322   0.735 0.845
0.211 0.322   0.984 0.015
0.211 0.322   0.997 0.683
0.211 0.322   0.989 0.847
0.211 0.322   0.010 0.731
0.211 0.322   0.236 0.037
0.211 0.322   0.338 0.533
0.211 0.322   0.494 0.443
0.211 0.322   0.954 0.722
0.211 0.322   0.924 0.790
0.211 0.322   0.258 0.154
0.211 0.322   0.883 0.756
0.211 0.322   0.216 0.146
0.211 0.322   0.398 0.985
0.211 0.322   0.971 0.847
0.211 0.322   0.993 0.882
0.211 0.322   0.813 0.963
0.211 0.322   0.993 0.549
0.211 0.322   0.007 0.616
0.211 0.322   0.841 0.991
0.211 0.322   0.831 0.014
0.211 0.322   0.932 0.708
0.211 0.322   0.287 0.447
0.211 0.322   0.690 0.831
0.767 0.715   0.780 0.036
0.767 0.715   0.735 0.845
0.767 0.715   0.984 0.015
0.767 0.715   0.997 0.683
0.767 0.715   0.989 0.847
0.767 0.715   0.010 0.731
0.767 0.715   0.236 0.037
0.767 0.715   0.338 0.533
0.767 0.715   0.494 0.443
0.767 0.715   0.954 0.722
0.767 0.715   0.924 0.790
0.767 0.715   0.258 0.154
0.767 0.715   0.883 0.756
0.767 0.715   0.216 0.146
0.767 0.715   0.398 0.985
0.767 0.715   0.971 0.847
0.767 0.715   0.993 0.882
0.767 0.715   0.813 0.963
0.767 0.715   0.993 0.549
0.767 0.715   0.007 0.616
0.767 0.715   0.841 0.991
0.767 0.715   0.831 0.014
0.767 0.715   0.932 0.708
0.767 0.715   0.287 0.447
0.767 0.715   0.690 0.831
0.780 0.036   0.735 0.845
0.780 0.036   0.984 0.015
0.780 0.036   0.997 0.683
0.780 0.036   0.989 0.847
0.780 0.036   0.010 0.731
0.780 0.036   0.236 0.037
0.780 0.036   0.338 0.533
0.780 0.036   0.494 0.443
0.780 0.036   0.954 0.722
0.780 0.036   0.924 0.790
0.780 0.036   0.258 0.154
0.780 0.036   0.883 0.756
0.780 0.036   0.216 0.146
0.780 0.036   0.398 0.985
0.780 0.036   0.971 0.847
0.780 0.036   0.993 0.882
0.780 0.036   0.813 0.963
0.780 0.036   0.993 0.549
0.780 0.036   0.007 0.616
0.780 0.036   0.841 0.991
0.780 0.036   0.831 0.014
0.780 0.036   0.932 0.708
0.780 0.036   0.287 0.447
0.780 0.036   0.690 0.831
0.735 0.845   0.984 0.015
0.735 0.845   0.997 0.683
0.735 0.845   0.989 0.847
0.735 0.845   0.010 0.731
0.735 0.845   0.236 0.037
0.735 0.845   0.338 0.533
0.735 0.845   0.494 0.443
0.735 0.845   0.954 0.722
0.735 0.845   0.924 0.790
0.735 0.845   0.258 0.154
0.735 0.845   0.883 0.756
0.735 0.845   0.216 0.146
0.735 0.845   0.398 0.985
0.735 0.845   0.971 0.847
0.735 0.845   0.993 0.882
0.735 0.845   0.813 0.963
0.735 0.845   0.993 0.549
0.735 0.845   0.007 0.616
0.735 0.845   0.841 0.991
0.735 0.845   0.831 0.014
0.735 0.845   0.932 0.708
0.735 0.845   0.287 0.447
0.735 0.845   0.690 0.831
0.984 0.015   0.997 0.683
0.984 0.015   0.989 0.847
0.984 0.015   0.010 0.731
0.984 0.015   0.236 0.037
0.984 0.015   0.338 0.533
0.984 0.015   0.494 0.443
0.984 0.015   0.954 0.722
0.984 0.015   0.924 0.790
0.984 0.015   0.258 0.154
0.984 0.015   0.883 0.756
0.984 0.015   0.216 0.146
0.984 0.015   0.398 0.985
0.984 0.015   0.971 0.847
0.984 0.015   0.993 0.882
0.984 0.015   0.813 0.963
0.984 0.015   0.993 0.549
0.984 0.015   0.007 0.616
0.984 0.015   0.841 0.991
0.984 0.015   0.831 0.014
0.984 0.015   0.932 0.708
0.984 0.015   0.287 0.447
0.984 0.015   0.690 0.831
0.997 0.683   0.989 0.847
0.997 0.683   0.010 0.731
0.997 0.683   0.236 0.037
0.997 0.683   0.338 0.533
0.997 0.683   0.494 0.443
0.997 0.683   0.954 0.722
0.997 0.683   0.924 0.790
0.997 0.683   0.258 0.154
0.997 0.683   0.883 0.756
0.997 0.683   0.216 0.146
0.997 0.683   0.398 0.985
0.997 0.683   0.971 0.847
0.997 0.683   0.993 0.882
0.997 0.683   0.813 0.963
0.997 0.683   0.993 0.549
0.997 0.683   0.007 0.616
0.997 0.683   0.841 0.991
0.997 0.683   0.831 0.014
0.997 0.683   0.932 0.708
0.997 0.683   0.287 0.447
0.997 0.683   0.690 0.831
0.989 0.847   0.010 0.731
0.989 0.847   0.236 0.037
0.989 0.847   0.338 0.533
0.989 0.847   0.494 0.443
0.989 0.847   0.954 0.722
0.989 0.847   0.924 0.790
0.989 0.847   0.258 0.154
0.989 0.847   0.883 0.756
0.989 0.847   0.216 0.146
0.989 0.847   0.398 0.985
0.989 0.847   0.971 0.847
0.989 0.847   0.993 0.882
0.989 0.847   0.813 0.963
0.989 0.847   0.993 0.549
0.989 0.847   0.007 0.616
0.989 0.847   0.841 0.991
0.989 0.847   0.831 0.014
0.989 0.847   0.932 0.708
0.989 0.847   0.287 0.447
0.989 0.847   0.690 0.831
0.010 0.731   0.236 0.037
0.010 0.731   0.338 0.533
0.010 0.731   0.494 0.443
0.010 0.731   0.954 0.722
0.010 0.731   0.924 0.790
0.010 0.731   0.258 0.154
0.010 0.731   0.883 0.756
0.010 0.731   0.216 0.146
0.010 0.731   0.398 0.985
0.010 0.731   0.971 0.847
0.010 0.731   0.993 0.882
0.010 0.731   0.813 0.963
0.010 0.731   0.993 0.549
0.010 0.731   0.007 0.616
0.010 0.731   0.841 0.991
0.010 0.731   0.831 0.014
0.010 0.731   0.932 0.708
0.010 0.731   0.287 0.447
0.010 0.731   0.690 0.831
0.236 0.037   0.338 0.533
0.236 0.037   0.494 0.443
0.236 0.037   0.954 0.722
0.236 0.037   0.924 0.790
0.236 0.037   0.258 0.154
0.236 0.037   0.883 0.756
0.236 0.037   0.216 0.146
0.236 0.037   0.398 0.985
0.236 0.037   0.971 0.847
0.236 0.037   0.993 0.882
0.236 0.037   0.813 0.963
0.236 0.037   0.993 0.549
0.236 0.037   0.007 0.616
0.236 0.037   0.841 0.991
0.236 0.037   0.831 0.014
0.236 0.037   0.932 0.708
0.236 0.037   0.287 0.447
0.236 0.037   0.690 0.831
0.338 0.533   0.494 0.443
0.338 0.533   0.954 0.722
0.338 0.533   0.924 0.790
0.338 0.533   0.258 0.154
0.338 0.533   0.883 0.756
0.338 0.533   0.216 0.146
0.338 0.533   0.398 0.985
0.338 0.533   0.971 0.847
0.338 0.533   0.993 0.882
0.338 0.533   0.813 0.963
0.338 0.533   0.993 0.549
0.338 0.533   0.007 0.616
0.338 0.533   0.841 0.991
0.338 0.533   0.831 0.014
0.338 0.533   0.932 0.708
0.338 0.533   0.287 0.447
0.338 0.533   0.690 0.831
0.494 0.443   0.954 0.722
0.494 0.443   0.924 0.790
0.494 0.443   0.258 0.154
0.494 0.443   0.883 0.756
0.494 0.443   0.216 0.146
0.494 0.443   0.398 0.985
0.494 0.443   0.971 0.847
0.494 0.443   0.993 0.882
0.494 0.443   0.813 0.963
0.494 0.443   0.993 0.549
0.494 0.443   0.007 0.616
0.494 0.443   0.841 0.991
0.494 0.443   0.831 0.014
0.494 0.443   0.932 0.708
0.494 0.443   0.287 0.447
0.494 0.443   0.690 0.831
0.954 0.722   0.924 0.790
0.954 0.722   0.258 0.154
0.954 0.722   0.883 0.756
0.954 0.722   0.216 0.146
0.954 0.722   0.398 0.985
0.954 0.722   0.971 0.847
0.954 0.722   0.993 0.882
0.954 0.722   0.813 0.963
0.954 0.722   0.993 0.549
0.954 0.722   0.007 0.616
0.954 0.722   0.841 0.991
0.954 0.722   0.831 0.014
0.954 0.722   0.932 0.708
0.954 0.722   0.287 0.447
0.954 0.722   0.690 0.831
0.924 0.790   0.258 0.154
0.924 0.790   0.883 0.756
0.924 0.790   0.216 0.146
0.924 0.790   0.398 0.985
0.924 0.790   0.971 0.847
0.924 0.790   0.993 0.882
0.924 0.790   0.813 0.963
0.924 0.790   0.993 0.549
0.924 0.790   0.007 0.616
0.924 0.790   0.841 0.991
0.924 0.790   0.831 0.014
0.924 0.790   0.932 0.708
0.924 0.790   0.287 0.447
0.924 0.790   0.690 0.831
0.258 0.154   0.883 0.756
0.258 0.154   0.216 0.146
0.258 0.154   0.398 0.985
0.258 0.154   0.971 0.847
0.258 0.154   0.993 0.882
0.258 0.154   0.813 0.963
0.258 0.154   0.993 0.549
0.258 0.154   0.007 0.616
0.258 0.154   0.841 0.991
0.258 0.154   0.831 0.014
0.258 0.154   0.932 0.708
0.258 0.154   0.287 0.447
0.258 0.154   0.690 0.831
0.883 0.756   0.216 0.146
0.883 0.756   0.398 0.985
0.883 0.756   0.971 0.847
0.883 0.756   0.993 0.882
0.883 0.756   0.813 0.963
0.883 0.756   0.993 0.549
0.883 0.756   0.007 0.616
0.883 0.756   0.841 0.991
0.883 0.756   0.831 0.014
0.883 0.756   0.932 0.708
0.883 0.756   0.287 0.447
0.883 0.756   0.690 0.831
0.216 0.146   0.398 0.985
0.216 0.146   0.971 0.847
0.216 0.146   0.993 0.882
0.216 0.146   0.813 0.963
0.216 0.146   0.993 0.549
0.216 0.146   0.007 0.616
0.216 0.146   0.841 0.991
0.216 0.146   0.831 0.014
0.216 0.146   0.932 0.708
0.216 0.146   0.287 0.447
0.216 0.146   0.690 0.831
0.398 0.985   0.971 0.847
0.398 0.985   0.993 0.882
0.398 0.985   0.813 0.963
0.398 0.985   0.993 0.549
0.398 0.985   0.007 0.616
0.398 0.985   0.841 0.991
0.398 0.985   0.831 0.014
0.398 0.985   0.932 0.708
0.398 0.985   0.287 0.447
0.398 0.985   0.690 0.831
0.971 0.847   0.993 0.882
0.971 0.847   0.813 0.963
0.971 0.847   0.993 0.549
0.971 0.847   0.007 0.616
0.971 0.847   0.841 0.991
0.971 0.847   0.831 0.014
0.971 0.847   0.932 0.708
0.971 0.847   0.287 0.447
0.971 0.847   0.690 0.831
0.993 0.882   0.813 0.963
0.993 0.882   0.993 0.549
0.993 0.882   0.007 0.616
0.993 0.882   0.841 0.991
0.993 0.882   0.831 0.014
0.993 0.882   0.932 0.708
0.993 0.882   0.287 0.447
0.993 0.882   0.690 0.831
0.813 0.963   0.993 0.549
0.813 0.963   0.007 0.616
0.813 0.963   0.841 0.991
0.813 0.963   0.831 0.014
0.813 0.963   0.932 0.708
0.813 0.963   0.287 0.447
0.813 0.963   0.690 0.831
0.993 0.549   0.007 0.616
0.993 0.549   0.841 0.991
0.993 0.549   0.831 0.014
0.993 0.549   0.932 0.708
0.993 0.549   0.287 0.447
0.993 0.549   0.690 0.831
0.007 0.616   0.841 0.991
0.007 0.616   0.831 0.014
0.007 0.616   0.932 0.708
0.007 0.616   0.287 0.447
0.007 0.616   0.690 0.831
0.841 0.991   0.831 0.014
0.841 0.991   0.932 0.708
0.841 0.991   0.287 0.447
0.841 0.991   0.690 0.831
0.831 0.014   0.932 0.708
0.831 0.014   0.287 0.447
0.831 0.014   0.690 0.831
0.932 0.708   0.287 0.447
0.932 0.708   0.690 0.831
0.287 0.447   0.690 0.831
