100
0.183 0.000 0.690 1.000
0.917 0.000 0.360 1.000
0.000 0.157 0.175 0.000
0.000 0.153 1.000 0.964
0.000 0.175 0.385 0.000
0.472 0.000 1.000 0.908
1.000 0.042 0.775 1.000
1.000 0.182 0.301 1.000
0.000 0.096 1.000 0.979
0.654 0.000 0.527 1.000
0.000 0.347 1.000 0.700
0.000 0.784 0.627 0.000
0.000 0.045 0.774 1.000
0.537 0.000 0.917 1.000
0.000 0.541 0.102 0.000
0.000 0.546 0.564 0.000
0.000 0.982 1.000 0.595
0.000 0.383 0.767 0.000
0.063 0.000 0.853 1.000
1.000 0.647 0.517 1.000
0.274 0.000 0.853 1.000
0.000 0.582 0.647 1.000
0.000 0.260 1.000 0.682
0.102 0.000 1.000 0.228
0.898 0.000 0.759 1.000
0.000 0.109 0.316 1.000
0.218 0.000 1.000 0.307
0.113 0.000 0.681 1.000
0.298 0.000 1.000 0.733
0.473 0.000 1.000 0.390
0.000 0.184 0.654 1.000
0.586 0.000 1.000 0.246
1.000 0.625 0.496 1.000
0.447 0.000 0.588 1.000
0.197 0.000 0.496 1.000
0.037 0.000 1.000 0.595
1.000 0.432 0.804 1.000
0.431 0.000 1.000 0.907
1.000 0.208 0.215 1.000
0.000 0.827 0.677 0.000
0.000 0.973 0.851 0.000
0.000 0.982 1.000 0.448
1.000 0.648 0.082 1.000
1.000 0.985 0.520 1.000
0.000 0.561 1.000 0.706
0.000 0.886 0.734 0.000
1.000 0.537 0.176 1.000
0.485 0.000 1.000 0.597
0.000 0.124 0.795 0.000
0.000 0.485 1.000 0.632
0.000 0.247 0.614 1.000
0.000 0.653 0.606 1.000
0.315 0.000 1.000 0.263
0.463 0.000 0.258 1.000
0.000 0.209 0.809 0.000
0.000 0.441 0.705 1.000
0.000 0.278 0.252 0.000
0.000 0.910 0.727 0.000
0.478 0.000 1.000 0.840
0.000 0.250 0.336 0.000
0.000 0.690 0.573 0.000
1.000 0.011 0.236 1.000
0.750 0.000 0.541 1.000
0.000 0.581 0.013 1.000
0.922 0.000 1.000 0.212
0.980 0.000 1.000 0.643
1.000 0.781 0.911 1.000
0.748 0.000 1.000 0.831
0.000 0.322 1.000 0.319
0.681 0.000 0.559 1.000
0.000 0.681 0.260 1.000
0.305 0.000 1.000 0.261
0.000 0.526 0.021 0.000
0.000 0.019 1.000 0.593
0.000 0.742 0.525 1.000
0.303 0.000 0.515 1.000
0.000 0.560 0.306 0.000
0.000 0.079 1.000 0.065
0.314 0.000 1.000 0.377
1.000 0.399 0.067 1.000
0.000 0.810 0.738 0.000
0.000 0.803 0.053 1.000
0.000 0.043 1.000 0.569
0.000 0.793 0.578 1.000
0.566 0.000 1.000 0.329
1.000 0.541 0.622 1.000
0.000 0.169 1.000 0.192
1.000 0.698 0.261 1.000
0.000 0.088 0.565 1.000
1.000 0.767 0.954 1.000
0.036 0.000 1.000 0.773
0.535 0.000 0.587 1.000
0.000 0.304 0.620 1.000
0.000 0.085 1.000 0.422
1.000 0.449 0.978 1.000
0.347 0.000 0.529 1.000
0.751 0.000 0.687 1.000
0.000 0.471 0.395 0.000
0.000 0.245 0.473 0.000
0.387 0.000 1.000 0.251
0.500 0.500 0.510 0.510
0.400 0.600 0.700 0.300
