5
 0.00  0.12 0.23  1.00
 1.00  0.41 0.00  0.52
 1.00  0.20 0.30  1.00
 0.00  0.40 0.10  0.00
 1.00  0.35 0.10  1.00
0.609 0.227   0.281 0.936
0.609 0.227   0.329 0.650
0.609 0.227   0.809 0.458
0.609 0.227   0.776 0.775
0.609 0.227   0.095 0.898
0.609 0.227   0.027 0.027
0.609 0.227   0.013 0.225
0.609 0.227   0.188 0.970
0.609 0.227   0.058 0.481
0.609 0.227   0.948 0.331
0.609 0.227   0.978 0.390
0.281 0.936   0.329 0.650
0.281 0.936   0.809 0.458
0.281 0.936   0.776 0.775
0.281 0.936   0.095 0.898
0.281 0.936   0.027 0.027
0.281 0.936   0.013 0.225
0.281 0.936   0.188 0.970
0.281 0.936   0.058 0.481
0.281 0.936   0.948 0.331
0.281 0.936   0.978 0.390
0.329 0.650   0.809 0.458
0.329 0.650   0.776 0.775
0.329 0.650   0.095 0.898
0.329 0.650   0.027 0.027
0.329 0.650   0.013 0.225
0.329 0.650   0.188 0.970
0.329 0.650   0.058 0.481
0.329 0.650   0.948 0.331
0.329 0.650   0.978 0.390
0.809 0.458   0.776 0.775
0.809 0.458   0.095 0.898
0.809 0.458   0.027 0.027
0.809 0.458   0.013 0.225
0.809 0.458   0.188 0.970
0.809 0.458   0.058 0.481
0.809 0.458   0.948 0.331
0.809 0.458   0.978 0.390
0.776 0.775   0.095 0.898
0.776 0.775   0.027 0.027
0.776 0.775   0.013 0.225
0.776 0.775   0.188 0.970
0.776 0.775   0.058 0.481
0.776 0.775   0.948 0.331
0.776 0.775   0.978 0.390
0.095 0.898   0.027 0.027
0.095 0.898   0.013 0.225
0.095 0.898   0.188 0.970
0.095 0.898   0.058 0.481
0.095 0.898   0.948 0.331
0.095 0.898   0.978 0.390
0.027 0.027   0.013 0.225
0.027 0.027   0.188 0.970
0.027 0.027   0.058 0.481
0.027 0.027   0.948 0.331
0.027 0.027   0.978 0.390
0.013 0.225   0.188 0.970
0.013 0.225   0.058 0.481
0.013 0.225   0.948 0.331
0.013 0.225   0.978 0.390
0.188 0.970   0.058 0.481
0.188 0.970   0.948 0.331
0.188 0.970   0.978 0.390
0.058 0.481   0.948 0.331
0.058 0.481   0.978 0.390
0.948 0.331   0.978 0.390
